750 205 0.5
750 214 0.5
750 220 0.5
750 256 0.5
750 250 0.5
750 233 0.5
750 246 0.5
750 234 0.5
750 3 0.5
751 236 0.5
751 1 4
751 253 1
751 2 4
751 206 4
752 7 4
752 207 3
752 257 2
752 236 4
752 5 4
752 11 3.5
752 9 4
752 4 3.5
752 2 2
752 875 4
752 219 4
752 8 3.5
752 211 3.5
752 17 4
753 235 3
753 12 3.5
753 3 3
753 4 2.5
753 11 3
753 2 3
754 5 4
754 4 4
754 7 2
754 11 4
754 235 3
754 12 3
754 10 4
754 254 4
754 234 4
754 257 3
754 233 3.5
755 779 3
755 294 4
755 577 2.5
755 283 2
756 207 2
756 476 4
756 9 3
756 84 3
756 6 2.5
756 1 3
756 233 2
756 5 3
756 12 2.5
756 2 3
757 254 4
757 248 3
757 249 3
757 6 3
757 2 3
757 219 4
757 211 3
757 236 3
757 245 3
757 210 3
757 252 2.5
757 255 3
757 212 3
757 8 3
757 215 2.5
757 11 4
757 241 4
757 84 3
757 13 4
757 251 3
757 244 3
757 4 3
757 12 0.5
757 207 4
757 17 1
757 1 3
757 253 3
757 9 4
757 239 3.5
757 247 3
757 10 4
757 121 3
757 217 3
757 220 3
757 214 3
757 256 3
757 250 4
757 233 4
757 206 3
757 246 3
757 235 3.5
757 234 3.5
757 3 3
757 5 3
757 213 4
757 216 3
757 257 3
757 7 2.5
757 205 3
757 243 3
758 17 4
758 234 3
758 9 3.5
758 219 3.5
758 11 4
758 2 3.5
758 8 3
758 236 4
758 7 4
758 257 3
758 12 3
758 207 3.5
758 10 4
758 5 3.5
758 1 4
758 215 4
758 211 4
758 13 4
758 235 3
758 213 3.5
759 7 4
759 9 3.5
759 11 4
759 10 2.5
759 257 2.5
759 206 3
759 205 2
759 233 2
759 2 4
759 250 3.5
759 1 2
759 5 3
759 216 3
759 219 4
759 236 3
759 13 2.5
759 217 3
759 207 0.5
759 211 4
759 213 3.5
759 241 1.5
759 212 4
759 251 3.5
759 3 3.5
759 235 2
759 17 2.5
759 8 3
759 4 3
759 121 1.5
760 234 3.5
760 253 4
760 212 2
760 246 3.5
760 9 0.5
760 245 3
760 211 2
760 254 3.5
760 207 2.5
760 3 2
760 8 3
760 214 1
760 233 2
760 252 3.5
760 11 3
760 241 2
760 256 2.5
760 13 3.5
760 5 1
760 206 3.5
760 7 1.5
760 257 2
760 10 3.5
760 220 1
760 215 3
760 17 3.5
760 2 2
760 213 2
760 4 3
760 235 3
760 210 3
760 243 3.5
760 236 1.5
760 1 3
760 248 2
760 12 4
760 205 3
760 121 1
760 247 3
760 216 2.5
760 251 3
760 255 3
760 249 2.5
760 6 3
760 239 2.5
760 250 1.5
760 217 0.5
760 84 1
760 219 2.5
760 244 0.5
761 241 4
761 84 4
761 216 3
761 252 4
761 219 3
761 212 2.5
761 6 3
761 11 4
761 2 3
761 245 3.5
761 9 3.5
761 248 4
761 217 3.5
761 253 3
761 220 4
761 236 3.5
761 121 3.5
761 244 3
761 210 3.5
761 206 4
761 4 3
761 247 2.5
761 8 3
761 257 4
761 239 2
761 12 4
761 10 2.5
761 243 3.5
761 215 3
761 7 4
761 13 3
761 251 4
761 3 4
761 233 3
761 205 2.5
761 213 3.5
761 255 2
761 207 2
761 214 2.5
761 5 3
761 1 2.5
761 17 2.5
761 234 3
761 211 3
761 235 3.5
761 249 4
761 246 3
761 250 4
761 256 3.5
761 254 4
762 234 4
762 253 3
762 212 3.5
762 9 3
762 245 3.5
762 211 4
762 216 3.5
762 207 4
762 233 3.5
762 84 3.5
762 252 4
762 244 3.5
762 11 3.5
762 256 3.5
762 3 2
762 13 3
762 8 3.5
762 5 4
762 7 3.5
762 206 3.5
762 257 3
762 10 4
762 220 3.5
762 215 4
762 17 3
762 1010 4
762 2 3.5
762 213 4
762 235 3.5
762 1 1.5
762 248 4
762 236 3.5
762 12 3.5
762 205 4
762 251 4
762 255 3.5
762 249 4
762 6 3
762 239 3
762 250 4
762 217 4
762 210 4
762 219 3.5
763 7 4
763 207 3
763 11 4
763 585 3.5
764 17 4
764 1290 2.5
764 31 2
764 2 3
764 499 1.5
764 284 4
764 265 3.5
764 735 3
764 589 2.5
764 752 4
764 432 4
764 235 3
764 278 4
764 787 3.5
764 1 2.5
764 236 4
764 12 4
764 698 3
764 9 3.5
764 205 3
764 522 3
764 832 2
764 494 4
764 681 4
764 339 3
764 239 2.5
764 250 4
764 941 1
764 958 4
764 134 3
764 219 3
764 594 3
764 739 3
764 286 4
764 740 3
764 781 2.5
764 716 3
764 723 3
764 59 4
764 3 2.5
764 484 4
764 975 3
764 8 4
764 318 3.5
764 1393 3.5
764 313 3
764 455 3
764 810 0.5
764 708 1
764 811 3.5
764 715 3
764 1174 3
764 631 4
764 764 3.5
764 5 4
764 1370 3
764 7 3
764 709 4
764 1519 2.5
764 512 4
764 206 4
764 392 4
764 257 3
764 419 4
764 220 4
764 294 3.5
764 675 4
765 7 3
765 11 3
765 4 2.5
765 13 3
765 10 2.5
765 2 3
766 5 3
766 8 2.5
766 10 0.5
766 11 4
766 215 3
766 213 2
766 235 2.5
766 13 3.5
766 243 4
766 7 4
766 1 4
766 236 3.5
766 805 3
766 17 3.5
766 2 4
766 4 3
766 234 4
766 9 4
766 216 3.5
766 255 3
766 207 3.5
766 250 2.5
766 211 3.5
767 234 4
767 219 4
768 5 3.5
768 213 3
768 236 3.5
768 254 1.5
768 7 2.5
768 8 3
768 215 4
768 11 2.5
768 17 3
768 1 2
768 207 2
769 1520 0.5
769 593 3.5
769 214 0.5
769 1521 2.5
769 890 3
769 17 3
769 1202 0.5
769 583 3
769 1522 1.5
769 10 2.5
769 1121 1.5
769 1523 1.5
769 1506 3
769 1524 4
769 235 2
769 318 3
769 335 3.5
769 1525 3
769 1315 2.5
769 557 0.5
769 7 3.5
769 385 0.5
769 1507 3
769 1526 4
769 1527 0.5
769 1528 2
769 1529 3.5
769 218 3
769 311 3.5
769 1530 2
769 4 4
769 750 2.5
769 283 2
769 247 2
769 2 3.5
769 207 2.5
769 1505 3
769 365 3
769 1531 4
769 1532 3
769 1508 4
769 141 3
769 797 4
769 92 2.5
769 1533 3.5
769 13 3.5
769 11 4
769 377 3
769 1199 2.5
769 512 2.5
769 691 2
769 787 4
769 432 2.5
769 487 3
769 445 2.5
769 597 2.5
770 343 4
770 7 3
770 207 3
770 2 3.5
770 236 3
770 4 3
770 11 3.5
771 1534 2.5
771 7 2.5
771 1535 3.5
772 9 3.5
772 12 4
772 8 2.5
772 207 4
772 17 2.5
772 7 4
772 257 3
772 1 3
772 210 2
773 589 4
773 218 4
773 7 4
773 207 3
773 270 4
773 318 4
774 4 4
774 12 3
774 836 4
774 10 4
774 13 4
774 235 4
774 291 3.5
774 3 4
774 213 3.5
774 1 4
774 241 3
774 1213 3
774 216 3.5
774 219 3.5
774 50 4
774 805 4
774 11 4
774 1536 4
774 236 4
774 7 4
774 787 3.5
775 4 2
775 2 3
775 705 2.5
775 604 3.5
775 299 3.5
775 17 1.5
775 890 3
775 341 2.5
775 588 3.5
775 579 2.5
775 565 4
775 7 3.5
775 11 2.5
775 776 4
776 216 2
776 17 4
776 241 3
776 9 3.5
776 3 3.5
776 214 2.5
776 254 1.5
776 7 4
776 10 2
776 211 4
776 219 2
776 255 3.5
776 1 3.5
776 206 3.5
776 239 3
776 250 4
776 220 3
776 11 1
776 5 3.5
776 207 3.5
776 234 3.5
776 251 3.5
776 12 3.5
776 253 3
776 13 4
776 215 3.5
776 213 3
776 205 3.5
776 8 3
777 215 2
777 213 3.5
777 205 3
777 206 3.5
777 217 3.5
777 245 3
777 3 4
777 2 4
777 234 4
777 12 3
777 251 3.5
777 235 2.5
777 253 3
777 236 3
777 10 4
777 7 4
777 210 2.5
777 219 4
777 13 3
777 1 3.5
778 706 4
778 13 4
778 1 4
778 10 3
778 11 4
778 213 3
778 3 1
778 215 3.5
779 215 3.5
779 11 4
779 13 4
780 10 3.5
780 7 4
780 210 4
780 233 4
780 219 2
780 13 3.5
780 1 3
780 5 3
780 6 3.5
780 11 4
780 249 4
780 216 3.5
780 257 4
780 84 3
780 244 2.5
780 9 2.5
780 248 2
780 215 4
780 213 3.5
780 252 3
780 241 3.5
780 205 4
780 206 3
780 246 2.5
780 4 3.5
780 255 2.5
780 217 2.5
780 220 4
780 121 3.5
780 245 3.5
780 239 3.5
780 256 2.5
780 8 2.5
780 3 3.5
780 17 3.5
780 2 4
780 214 3
780 243 3
780 12 3.5
780 234 3.5
780 212 3.5
780 254 3.5
780 250 4
780 207 4
780 251 3
780 235 1.5
780 253 3
780 236 3.5
780 211 3.5
780 247 1.5
781 249 3.5
781 212 3.5
781 235 3.5
781 9 4
781 214 3.5
781 255 3.5
781 210 3.5
781 2 4
781 1 3
781 8 3
781 254 4
781 13 4
781 251 4
781 243 3.5
781 245 3.5
781 236 3
781 217 3.5
781 213 4
781 216 4
781 205 4
781 252 3.5
781 241 4
781 256 3.5
781 248 3.5
781 215 4
781 84 3.5
781 4 4
781 5 3.5
781 6 3.5
781 207 3.5
781 121 4
781 244 3.5
781 7 3
781 211 3
781 234 3.5
781 11 4
781 219 3
781 239 4
781 10 3.5
781 253 3.5
781 257 3
781 233 3
781 250 3.5
781 206 3.5
781 3 3.5
781 17 3
781 12 3
781 247 3
781 220 3.5
781 246 3.5
782 243 2
782 17 3
782 233 3
782 215 4
782 11 0.5
782 1 3
782 253 4
782 211 4
782 212 4
782 245 4
782 5 4
782 12 2
782 8 3
782 234 3.5
782 10 2
782 216 3
782 13 2
782 207 2
782 251 3
782 249 4
782 250 4
782 219 2
782 206 3
782 235 2
782 205 3.5
782 213 1.5
782 9 3
782 7 4
782 220 4
782 214 4
782 217 3
783 7 3
783 2 4
783 1 3.5
783 213 2.5
783 219 3.5
784 10 2.5
784 11 2
784 220 2.5
784 215 3.5
784 213 1.5
784 241 1.5
784 235 2.5
784 13 2
784 243 1.5
784 206 2.5
784 7 3
784 257 1.5
784 1 2.5
784 236 3
784 248 2.5
784 12 2.5
784 247 2.5
784 17 3
784 251 1.5
784 2 3.5
784 249 2
784 4 2
784 217 2.5
784 210 3
784 219 3.5
784 234 3
784 253 3.5
784 246 3
784 9 2
784 205 3
784 121 3
784 216 3
784 255 3.5
784 207 2.5
784 6 4
784 239 3
784 250 1.5
784 233 3
784 84 3
784 252 3
784 244 3.5
784 212 3.5
784 245 2.5
784 211 3
784 254 2.5
784 256 3
784 3 2.5
784 8 3
784 5 3
784 214 3.5
785 213 1.5
785 216 2
785 234 2
785 2 2
785 256 4
785 219 4
785 1 3.5
785 9 2
785 235 4
785 3 3
785 10 4
785 12 1.5
785 11 3
785 215 4
785 252 3.5
785 236 3.5
785 13 3
785 5 4
785 8 3
786 7 3
786 241 3.5
786 3 4
786 255 3
786 11 4
786 1 3.5
786 256 3
786 13 4
786 248 3.5
786 2 3
786 254 3
786 235 4
786 10 4
786 8 2
786 216 1
786 257 4
786 205 3.5
787 12 1.5
787 207 1.5
787 2 2.5
787 7 2.5
787 11 2
787 239 3
788 256 3
788 3 3
788 17 2
788 205 2.5
788 2 3.5
788 255 2.5
788 214 3.5
788 243 2.5
788 245 2.5
788 234 2.5
788 254 3.5
788 207 3
788 251 3.5
788 235 1
788 253 3.5
788 8 3
788 211 3
788 247 3
788 7 3.5
788 233 3
788 219 1.5
788 12 3.5
788 212 3
788 250 2.5
788 1 3
788 6 2.5
788 11 2.5
788 236 3.5
788 249 4
788 257 2.5
788 84 3
788 244 3.5
788 10 2.5
788 210 3.5
788 9 3.5
788 248 3
788 13 3.5
788 215 3.5
788 5 3
788 213 1.5
788 252 2
788 241 3.5
788 216 3
788 206 2.5
788 246 3
788 4 2.5
788 217 1.5
788 220 0.5
788 121 2
788 239 3
789 257 3.5
789 207 3
789 2 2.5
789 17 4
789 236 4
789 11 4
789 5 3.5
789 12 3
789 8 3.5
790 234 3.5
790 248 2.5
790 245 3
790 236 2
790 205 2.5
790 9 2
790 1 3.5
790 121 2
790 255 3
790 220 2.5
790 214 3
790 84 0.5
790 10 1.5
790 246 2
790 1537 4
790 12 1.5
790 247 3.5
790 239 3
790 3 3
790 256 2.5
790 210 4
790 8 3.5
790 217 1.5
790 206 1
790 253 3.5
790 212 2
790 6 3
790 4 4
790 241 3
790 17 2.5
790 257 3
790 213 3
790 219 3
790 244 4
790 207 0.5
790 216 3.5
790 254 2
790 235 2
790 11 3.5
790 250 2.5
790 249 2
790 211 4
790 13 3.5
790 2 2
790 233 2.5
790 252 1.5
790 251 3
790 5 2
790 243 2.5
790 7 2
790 215 3.5
791 252 3
791 213 3.5
791 11 4
791 13 3.5
791 1 3
791 4 3.5
791 17 4
791 2 3.5
791 235 4
791 207 4
791 3 3
791 216 4
791 7 4
792 7 2
792 84 3.5
792 11 3.5
792 206 3
792 6 3
792 17 1.5
793 246 3.5
793 256 4
793 206 3.5
793 121 3.5
793 7 3
793 207 4
793 3 3.5
793 210 4
793 11 4
793 220 3.5
793 12 3
793 4 4
793 241 4
793 13 3.5
793 1 4
793 205 3.5
793 5 4
794 213 4
794 235 3
794 13 4
794 1 3
794 236 3
794 12 3.5
794 2 4
794 4 4
794 217 3.5
794 219 4
794 234 3.5
794 9 3.5
794 216 3
794 207 4
794 239 4
794 254 3
794 5 3.5
794 8 4
794 10 3
794 252 3
794 11 4
794 215 3.5
795 249 3
795 6 3
795 675 4
795 2 3
795 219 3.5
795 211 3
795 236 3.5
795 252 3
795 212 3
795 8 3.5
795 11 2
795 218 4
795 241 3.5
795 84 3
795 251 3
795 1 3.5
795 4 2.5
795 12 4
795 207 3.5
795 17 4
795 253 3
795 9 2.5
795 121 3
795 220 3
795 250 3
795 233 3
795 206 3
795 234 2.5
795 235 3
795 3 3.5
795 5 3
795 403 3.5
795 216 3
795 257 3
795 7 4
795 205 4
796 257 3
796 7 3
797 6 2.5
797 247 3
797 207 3.5
797 216 4
797 3 1
797 256 2
797 235 2.5
797 2 4
797 212 1.5
797 4 3.5
797 251 3
797 241 2.5
797 17 3.5
797 257 2
797 213 2.5
797 219 3.5
797 215 2
797 244 2
797 254 2.5
797 11 4
797 250 1.5
797 236 4
797 249 2
797 211 3
797 13 1
797 205 3.5
797 233 2.5
797 252 2.5
797 5 2.5
797 1 1.5
797 243 3
797 7 3
797 255 2
797 214 3.5
797 234 2
797 10 3
797 248 3.5
797 245 3
797 246 1.5
797 12 2
797 9 3
797 220 2.5
797 121 2.5
797 239 1
797 210 1.5
797 8 3.5
797 217 2.5
797 84 2
797 206 2
797 253 2
798 536 4
798 363 4
799 13 2.5
799 215 4
800 246 3
800 236 2
800 213 3.5
800 235 1
800 9 4
800 255 1
800 216 2
800 210 3
800 205 2
800 252 3.5
800 1 2.5
800 248 4
800 8 3
800 254 2
800 13 3.5
800 215 4
800 243 2.5
800 245 3.5
800 84 2.5
800 217 4
800 5 1.5
800 256 3.5
800 241 2
800 211 3.5
800 11 2.5
800 219 3.5
800 253 4
800 4 0.5
800 6 4
800 233 3
800 207 3.5
800 250 4
800 206 2
800 121 3.5
800 244 3
800 17 3
800 7 3.5
800 12 2
800 234 2.5
800 247 2
800 220 1.5
800 249 3.5
800 239 2.5
800 10 1.5
800 212 0.5
800 257 3.5
800 214 2.5
800 2 1.5
800 3 1
800 251 4
801 705 4
801 10 3.5
801 5 3
801 251 3
801 219 3.5
801 1173 3.5
801 12 2.5
802 11 3.5
802 13 3.5
802 7 3.5
803 254 4
803 1 4
803 2 4
804 310 4
805 215 4
805 254 2.5
805 213 2
805 10 2
805 8 4
805 9 4
805 255 3.5
805 3 3
805 257 4
805 13 4
805 234 3
805 2 4
805 7 2
805 216 1.5
806 1538 3
806 1539 0.5
806 1540 3.5
806 431 3.5
807 205 3
807 211 3.5
807 207 3
807 255 2.5
807 17 4
807 215 4
807 3 1.5
807 250 3
807 1 3
807 236 3.5
807 210 2.5
807 11 4
807 9 4
807 4 3.5
807 6 3.5
807 8 2.5
808 246 3
808 217 3
808 215 3
808 17 3
808 205 3
808 432 4
808 255 3
808 214 4
808 245 3.5
808 239 4
808 234 3.5
808 207 3
808 8 3.5
808 211 3.5
808 3 2.5
808 2 2.5
808 1541 4
808 7 4
808 219 3
808 212 3.5
808 1 3
808 6 2
808 11 0.5
808 10 0.5
808 233 2.5
808 13 0.5
808 5 2.5
808 213 0.5
808 252 3
808 216 3
809 235 4
810 207 3.5
810 206 3.5
810 12 3.5
810 217 2
810 1211 4
810 8 1
810 251 4
810 216 2
810 84 2.5
810 17 2
810 1260 4
810 236 3.5
810 215 2
810 7 4
810 219 3
810 255 4
810 1 3
810 235 2
810 2 4
810 9 4
810 250 3.5
810 1542 4
811 309 4
812 714 3.5
812 410 0.5
812 274 4
812 217 4
812 241 3
812 832 3
812 1543 2
812 1195 2
812 522 3
812 808 3
812 851 1
812 425 1.5
812 1544 4
812 835 2
812 1545 1.5
812 206 4
812 702 4
812 293 4
812 13 3
812 1016 2
812 583 2
812 292 0.5
812 207 4
812 663 1
812 256 2
812 219 4
812 746 4
812 5 4
812 662 2
812 284 3.5
812 1546 1
812 382 4
812 1547 3.5
812 121 3
812 2 4
812 1513 3.5
812 10 4
812 3 2
812 400 3
812 1548 4
812 831 4
812 1 3
812 1053 4
812 706 4
812 661 4
812 211 4
812 1549 4
812 1160 3
812 347 4
812 235 2.5
812 205 3.5
812 336 3
812 1550 1.5
812 1551 1.5
812 12 3.5
812 1552 2.5
812 17 3
812 881 1
812 709 3
812 250 4
812 366 3
812 251 2
812 862 2
812 7 1
812 1553 4
812 242 3
812 501 2.5
813 241 2
813 8 3
813 148 3.5
813 216 0.5
813 235 1.5
813 7 2
813 1554 0.5
813 206 3
813 239 1.5
813 2 3
813 215 4
813 3 2
813 1 1
813 1555 3.5
813 1556 4
813 17 3.5
813 10 1
813 1557 4
814 84 2.5
814 207 4
814 251 3
814 249 2.5
814 250 4
814 219 4
814 254 3
814 9 4
814 7 4
814 246 3.5
814 206 4
814 257 1
814 247 2.5
814 235 1.5
814 205 2.5
814 239 3
814 213 3.5
814 2 3.5
814 4 4
814 215 3.5
814 210 1
814 233 2.5
814 248 1.5
814 3 4
814 11 4
814 1 3.5
814 253 3
814 220 3.5
814 256 2
814 214 2.5
814 217 2.5
814 243 2.5
814 17 3.5
814 10 3.5
814 211 4
814 255 4
814 212 3.5
814 245 3.5
814 252 2.5
814 236 3.5
814 244 4
814 5 4
814 12 4
814 241 3
814 6 3.5
814 8 4
814 234 3.5
814 216 3
814 13 2.5
814 121 3
815 2 2
815 1166 0.5
815 1181 4
815 3 2
815 257 3
815 219 4
815 1 3
815 9 0.5
815 211 4
815 212 0.5
815 245 3
815 214 0.5
815 1177 1
815 235 0.5
815 246 0.5
815 205 0.5
815 210 0.5
815 247 0.5
815 10 0.5
815 239 0.5
815 248 0.5
815 12 4
815 243 0.5
815 249 0.5
815 1169 4
815 220 2
815 11 4
815 215 3
815 250 0.5
815 1167 4
815 251 0.5
815 244 0.5
815 84 0.5
815 252 0.5
815 233 4
815 217 0.5
815 241 0.5
815 6 0.5
815 17 0.5
815 253 0.5
815 1168 4
815 254 0.5
815 255 1
815 1172 1
815 1170 0.5
815 7 4
815 236 0.5
815 206 0.5
815 4 0.5
815 13 4
815 207 0.5
815 256 0.5
815 1176 3
815 1179 4
815 5 2
815 8 1
815 213 3
815 216 0.5
815 234 1
815 121 0.5
816 1 3.5
816 236 2
816 2 4
816 7 3
816 278 4
816 239 3
816 12 1.5
816 434 4
817 245 4
817 211 4
817 254 2.5
817 256 4
817 3 4
817 8 3
817 5 4
817 214 3.5
817 10 3.5
817 252 4
817 11 4
817 220 4
817 215 3.5
817 213 4
817 241 4
817 235 4
817 13 2.5
817 243 4
817 206 4
817 7 4
817 257 2.5
817 1 4
817 236 1
817 248 4
817 12 2.5
817 247 3.5
817 17 4
817 251 3
817 2 3
817 249 4
817 4 4
817 217 4
817 210 4
817 219 2.5
817 234 3.5
817 253 3
817 246 3.5
817 9 2
817 205 4
817 121 2.5
817 216 4
817 255 4
817 207 4
817 6 3.5
817 239 4
817 250 3.5
817 233 3.5
817 84 3
817 244 4
817 212 3.5
818 248 3
818 13 3.5
818 5 3
818 213 4
818 252 3
818 241 3
818 216 2
818 246 3.5
818 206 3
818 4 4
818 217 3
818 121 3
818 239 4
818 256 3
818 215 4
818 17 3
818 205 2
818 255 3.5
818 214 3
818 220 3
818 243 3
818 245 3
818 234 3
818 254 3.5
818 207 3.5
818 251 3
818 235 3
818 253 2.5
818 8 3.5
818 211 3.5
818 3 2.5
818 247 3
818 2 3.5
818 7 4
818 233 3
818 219 3
818 212 3
818 12 4
818 250 3
818 1 4
818 6 3.5
818 11 4
818 236 3
818 249 3
818 257 4
818 84 3
818 244 2.5
818 10 3.5
818 210 3
818 9 3
819 5 4
819 12 2.5
819 11 4
819 8 4
819 207 3.5
819 4 4
819 2 3.5
819 215 4
819 9 3
819 17 4
819 236 3
819 255 3.5
820 7 3.5
820 4 3.5
820 9 3.5
820 236 4
820 219 3
820 1 3.5
820 207 3
820 12 2.5
821 251 4
821 244 4
821 235 4
821 1 4
821 253 4
821 5 4
821 216 3.5
821 217 3
821 205 4
821 214 4
821 220 4
821 256 4
821 233 3.5
821 234 4
821 3 3.5
821 7 4
821 219 4
821 236 4
821 252 3.5
821 215 3
821 241 4
821 249 4
821 13 4
821 2 4
821 211 4
821 245 4
821 207 4
821 255 4
821 121 4
821 10 3
821 8 3.5
822 7 3
822 207 3.5
822 12 3.5
822 235 3
822 1 3
822 5 3
823 12 0.5
823 11 3.5
823 8 2
823 7 1.5
823 207 2.5
823 257 0.5
823 9 3.5
824 249 3
824 341 3.5
824 11 4
824 589 4
824 215 4
824 441 4
824 214 2
824 243 4
824 13 4
825 294 4
825 1234 4
825 715 2.5
825 1210 1
825 882 3
825 1558 3.5
825 1559 4
825 267 1
825 2 3.5
825 459 3.5
825 455 3.5
825 512 3.5
825 219 3
825 1 3
825 764 3.5
825 1053 2
825 295 3.5
825 1560 2.5
825 499 3
825 1561 4
825 347 3.5
825 235 3.5
825 1174 4
825 533 3.5
825 278 4
825 435 4
825 432 4
825 400 3
825 31 4
825 218 4
825 681 3
825 73 3.5
825 728 4
825 242 4
825 1562 3.5
825 501 3.5
825 397 3.5
825 274 4
825 719 2.5
825 318 4
825 270 4
825 696 4
825 752 4
825 17 3
825 536 4
825 7 3.5
825 1563 4
825 70 2.5
825 236 4
825 1564 3
825 496 4
825 293 4
825 410 4
825 520 3.5
825 207 3.5
826 235 4
826 239 4
826 213 4
826 2 4
826 4 4
826 9 0.5
826 248 3.5
826 7 4
826 210 4
826 3 4
826 206 4
826 220 1.5
826 214 3.5
826 217 4
826 205 4
826 243 4
826 17 4
826 233 4
826 215 4
826 11 4
826 253 4
826 1 4
826 211 4
826 256 4
826 212 4
826 245 4
826 252 4
826 12 3
826 236 3.5
826 244 4
826 5 4
826 241 4
826 6 4
826 8 4
826 255 4
826 234 4
826 10 4
826 216 4
826 13 4
826 121 3.5
826 84 4
826 207 4
826 251 4
826 249 3.5
826 250 4
826 219 4
826 254 3.5
826 246 4
826 257 4
826 247 4
827 4 3
827 218 4
827 7 2.5
827 861 2
828 251 3.5
828 216 3.5
828 218 4
828 257 3.5
828 1 3.5
828 210 3
828 12 2.5
828 8 3
828 205 3.5
828 235 2.5
828 207 3.5
828 17 2.5
828 206 3
828 239 3.5
828 7 3.5
829 236 1.5
829 255 3
829 6 1
829 207 3
829 245 4
829 123 4
829 3 3
829 8 2
829 1396 3
829 10 2
829 11 2.5
829 213 3.5
829 491 4
829 13 4
829 1397 1
829 7 4
829 206 4
829 1 3
829 434 4
829 17 3
829 2 3.5
829 4 1.5
829 235 3
830 197 4
830 192 3.5
830 207 3
830 117 3.5
830 234 4
830 341 1.5
830 1017 2.5
830 66 3.5
830 54 4
830 57 3
830 1499 3
830 347 4
830 704 4
830 202 3
830 835 3
830 400 3.5
830 147 3.5
830 729 3.5
830 169 3
830 34 3
830 484 4
830 340 3.5
830 425 3
830 241 4
830 201 3
830 107 4
830 30 4
830 130 3
830 118 4
830 245 3.5
830 43 3.5
830 1475 4
830 1028 3
830 1183 1
830 1026 3
830 155 3
830 1256 3.5
830 307 2.5
830 17 3.5
830 86 3.5
830 139 3.5
830 899 3.5
830 394 3.5
830 661 3.5
830 161 3
830 200 3.5
830 754 3.5
830 428 2.5
830 1565 3
830 336 3.5
830 181 4
830 881 3.5
830 657 4
830 151 3
830 675 3
830 198 3
830 183 3
830 870 4
830 82 4
830 76 3
830 53 3.5
830 811 4
830 678 3.5
830 163 2.5
830 875 1.5
830 348 4
830 126 4
830 763 3.5
830 1566 3
830 35 4
830 15 3
830 52 3.5
830 1301 2.5
830 193 3.5
830 1273 4
830 206 4
830 144 4
830 300 4
830 1187 4
830 1567 3.5
830 805 3
830 397 3.5
830 189 3.5
830 60 3
830 819 3.5
830 24 2.5
830 7 3
830 1568 3.5
830 55 3.5
830 478 3
830 114 3
830 75 3
830 71 3.5
830 131 3.5
830 186 4
830 3 4
830 89 3.5
830 153 4
830 136 4
831 245 4
831 239 4
831 1569 0.5
831 207 3.5
831 344 2.5
831 3 4
831 337 3
831 977 4
831 518 4
831 1570 3
831 7 4
831 233 3
831 1571 3
831 254 3.5
831 1 4
831 250 4
831 486 4
831 781 0.5
831 1572 4
831 1187 4
831 557 2
831 244 3.5
831 1573 4
831 1574 4
831 485 4
831 13 4
831 1575 4
831 1576 4
831 241 3.5
831 770 4
831 810 3
831 585 1
831 787 1
831 377 2.5
831 1577 4
831 217 4
831 805 4
831 1578 1.5
831 383 2
831 215 4
831 410 4
831 1579 2
831 1580 3
831 1581 4
831 17 3
831 205 3.5
831 1582 1
831 657 4
831 1583 3
832 215 3
833 4 3
833 1 3.5
833 11 4
833 10 4
834 211 4
834 235 1.5
834 17 3
834 7 3
834 253 4
834 3 3.5
834 9 4
834 6 3.5
834 241 0.5
835 11 4
835 205 4
835 8 4
835 9 4
835 4 4
835 7 4
835 17 4
835 236 4
836 1584 4
836 256 3
836 233 3
836 250 3
836 246 4
836 234 3
836 3 3.5
836 249 3
836 6 4
836 2 1.5
836 7 2.5
836 219 3.5
836 243 2.5
836 236 4
836 210 2.5
836 1585 3.5
836 252 4
836 254 2.5
836 255 4
836 212 4
836 8 3
836 215 4
836 241 4
836 248 3
836 13 1.5
836 211 4
836 245 3.5
836 4 4
836 207 3
836 1 2
836 477 3.5
836 9 4
836 10 3
836 121 3.5
836 11 4
836 1586 3
836 1587 4
836 84 3.5
836 251 3
836 217 2.5
836 244 3.5
836 12 3.5
836 206 2.5
836 17 4
836 235 1.5
836 253 4
836 239 2.5
836 247 3
836 5 3.5
836 47 3
836 213 3.5
836 216 3.5
836 257 2.5
836 1588 3
836 205 2.5
836 214 3.5
836 220 3
836 564 2.5
837 591 3
837 590 3.5
837 251 3
837 255 3
837 250 3
837 219 3.5
837 586 1.5
837 9 3
837 211 3.5
837 365 3.5
837 207 2.5
837 336 2
837 91 3.5
837 5 3
837 8 2.5
837 7 2.5
837 215 3.5
837 17 3
837 2 3
837 213 3
837 584 0.5
837 236 3
838 1589 2
838 217 1
838 210 3.5
838 219 2.5
838 234 3
838 212 1.5
838 245 3.5
838 968 2
838 211 2.5
838 216 3.5
838 207 4
838 233 2
838 961 3
838 254 3
838 944 4
838 3 0.5
838 5 2
838 7 3.5
838 257 1.5
838 10 0.5
838 11 1
838 220 1.5
838 215 2
838 299 2.5
838 2 3
838 213 1.5
838 4 1.5
838 241 2.5
838 1036 3
838 235 3
838 13 3
838 1 1
838 12 3
838 847 2
838 205 2.5
838 247 2
838 17 3.5
838 251 3
838 255 0.5
838 923 2
838 239 3
839 226 4
839 228 4
839 424 4
839 17 4
839 225 3.5
839 255 4
839 232 3.5
839 7 1.5
839 236 3.5
839 4 1
839 13 1.5
839 230 4
839 222 3.5
839 5 3.5
839 413 4
839 1082 4
839 221 3.5
839 223 4
839 396 4
839 227 4
839 229 4
839 1102 3.5
839 2 2
839 1590 4
839 231 4
839 219 3
839 9 2
839 211 3.5
839 657 4
839 620 3.5
839 224 3.5
839 1591 4
839 805 4
839 1194 4
839 11 2
839 1029 4
840 9 4
840 254 4
840 3 4
840 207 4
840 8 4
840 233 3.5
840 11 4
840 213 3.5
840 241 3.5
840 13 3.5
840 5 4
840 7 4
840 257 3.5
840 10 3.5
840 17 3.5
840 4 4
840 235 4
840 1 3.5
840 12 4
840 121 3.5
840 255 3.5
841 236 3
841 11 4
841 2 4
841 4 4
841 13 4
841 291 3.5
841 8 4
841 1 2
841 1566 4
841 7 0.5
841 805 4
842 256 3.5
842 247 3.5
842 702 3.5
842 1077 3.5
842 10 2
842 1592 4
842 489 0.5
842 278 3.5
842 291 3
842 2 3
842 244 2.5
842 1087 3.5
842 407 0.5
842 6 4
842 220 3.5
842 1116 4
842 215 4
842 121 2.5
842 242 4
842 315 3.5
842 1 4
842 235 2
842 408 4
842 245 2.5
842 257 2
842 9 4
842 1119 4
842 1097 4
842 1076 0.5
842 743 0.5
842 255 3
842 5 4
842 233 3.5
842 589 2.5
842 1091 4
842 461 0.5
842 494 3.5
842 1118 4
842 8 3.5
842 249 2
842 391 3.5
842 805 4
842 216 0.5
842 1093 2
842 250 4
842 207 1
842 217 2.5
842 441 0.5
842 536 1.5
842 13 2.5
842 1099 3.5
842 240 1.5
842 519 3
842 206 4
842 252 2
842 246 4
842 205 2
842 11 3.5
842 977 3
842 214 2
842 845 4
842 1075 3
842 658 3.5
842 211 4
842 236 4
842 3 2
842 638 3.5
842 241 2
842 7 2.5
842 17 4
842 1103 3.5
842 675 4
842 451 4
842 212 3
842 1114 4
842 425 3
842 525 3.5
842 213 4
842 239 3.5
842 714 3.5
842 253 3.5
842 248 2
842 1415 4
842 234 3
842 388 2.5
842 4 1
842 254 0.5
842 243 0.5
842 84 3.5
842 1082 4
842 12 2
842 251 3.5
842 1090 3.5
842 431 3.5
842 781 2
842 1593 3.5
842 219 3
842 399 3.5
842 210 1.5
842 415 4
843 239 2
843 215 2
843 214 2
843 213 2
843 1 2
843 13 2
843 2 2
843 234 2
843 1517 4
843 10 2
843 212 2
843 216 2
843 205 2
843 11 3.5
843 7 2
843 3 2
844 236 2.5
844 8 4
844 121 3.5
844 13 3.5
844 2 4
844 219 3.5
844 246 2.5
844 10 3
844 235 3
844 207 3.5
844 205 3.5
844 7 2.5
844 250 3.5
844 1 3.5
844 206 4
845 1594 4
845 233 3.5
845 267 3
845 345 3.5
845 13 3.5
845 842 4
845 21 2.5
845 2 3.5
845 1566 4
845 160 3.5
845 239 4
845 1595 4
845 487 4
845 213 4
845 242 3
845 252 3.5
845 218 4
845 294 3.5
845 217 4
845 12 4
845 806 3.5
845 70 2
845 494 4
845 219 3.5
845 10 4
845 205 3.5
845 236 3
845 253 4
845 1455 3.5
845 7 4
845 1596 1
845 180 3.5
845 1597 3.5
845 8 4
845 379 3.5
845 534 4
845 251 3
845 1598 3.5
845 1010 4
845 206 4
845 876 2
845 585 3
845 270 3.5
845 211 3.5
845 1599 3.5
845 245 3.5
845 318 4
845 248 4
845 212 4
845 550 3.5
845 307 4
845 409 1.5
845 1600 3.5
845 519 3.5
845 1486 3.5
845 121 3.5
845 1219 4
845 530 4
845 330 3.5
845 1601 3.5
845 383 3
845 589 3
845 207 4
845 472 3.5
845 1602 3.5
845 59 3
845 1603 4
845 244 3.5
845 1604 3
845 1198 3.5
845 1605 3.5
845 84 3
845 616 4
845 705 4
845 1606 3
845 441 2
845 1607 3
845 347 3.5
845 509 3.5
845 1608 2.5
845 3 4
845 247 3.5
845 900 3.5
845 977 4
845 183 3
845 234 3.5
845 1609 3.5
845 17 3
845 1610 1
845 512 3.5
845 1611 1.5
845 560 3.5
845 1072 3.5
845 532 3.5
845 805 3
845 432 3.5
845 406 3.5
845 250 4
845 1612 4
845 719 2.5
845 1613 3.5
845 486 4
845 477 3
845 202 3
845 536 2.5
845 1023 3
845 265 3
845 241 3.5
845 638 3.5
845 256 3.5
845 1614 3.5
845 216 3.5
845 343 2.5
845 1 3.5
845 1615 3.5
845 1616 3
845 442 3.5
845 215 4
845 295 3.5
845 96 4
845 1617 4
845 942 3.5
845 623 3
845 1618 2.5
845 1619 2.5
846 219 3
846 215 1.5
846 13 3
846 84 3
846 11 3
846 12 1.5
846 251 3.5
846 17 1.5
846 241 4
846 243 3.5
846 236 2.5
846 247 1
846 217 3
846 220 3
846 235 3
846 9 1
847 220 4
847 348 4
847 239 4
847 207 2.5
847 251 4
847 235 2
847 728 4
847 8 1
847 211 2.5
847 3 3.5
847 2 2
847 1620 4
847 7 2
847 43 4
847 219 3.5
847 212 3.5
847 12 4
847 250 4
847 6 0.5
847 11 1.5
847 236 2.5
847 1621 4
847 84 3.5
847 1059 4
847 1622 4
847 244 3
847 10 3
847 210 2
847 233 2.5
847 1574 4
847 248 3.5
847 13 3
847 1 3.5
847 213 0.5
847 1623 4
847 5 3
847 1624 4
847 999 4
847 252 2.5
847 241 4
847 216 3
847 257 2.5
847 206 2
847 246 3
847 4 1
847 1625 4
847 217 3
847 662 4
847 9 2.5
847 1221 4
847 256 3
847 215 2.5
847 17 0.5
847 279 4
847 205 4
847 1001 4
847 1195 4
848 9 3.5
848 254 4
848 355 4
848 1626 3.5
848 1601 2.5
848 11 4
848 656 4
848 343 4
848 1274 3
848 572 4
848 239 3
848 1536 3
848 1627 4
848 769 4
848 1628 3.5
848 4 3
848 1629 3.5
848 10 4
848 1 4
848 318 4
848 13 4
848 301 3
848 560 3
848 518 4
848 213 3.5
848 1630 1
848 604 3.5
848 234 3
849 259 3
849 236 3.5
849 585 2.5
849 7 2.5
849 275 4
849 787 3.5
849 805 4
849 278 3
849 1173 3.5
849 781 4
849 239 1
849 1631 3
849 1070 4
849 1632 3.5
849 3 2
849 213 3
849 1256 3
849 1038 4
849 832 2.5
849 347 4
849 1633 4
849 1088 3.5
849 5 2.5
849 294 3
849 297 3
849 746 3.5
849 17 1.5
849 940 4
849 211 3
849 1372 3
849 397 3
849 486 3
849 957 3.5
849 241 2.5
849 847 3.5
849 1634 3
849 242 3.5
849 2 3.5
850 241 4
850 11 4
851 8 3.5
851 211 4
851 234 2
851 10 3.5
851 255 3.5
851 216 3.5
851 13 3
851 121 2.5
851 84 3
851 207 3.5
851 251 4
851 249 3.5
851 250 2
851 219 3.5
851 252 2.5
851 246 3
851 5 3
851 241 3.5
851 6 4
851 235 2
851 239 2.5
851 213 3.5
851 2 3.5
851 254 4
851 4 1
851 9 3.5
851 7 0.5
851 210 3.5
851 206 2.5
851 257 3.5
851 247 2
851 214 4
851 205 2.5
851 243 3
851 17 4
851 248 3
851 233 3.5
851 215 3
851 3 3.5
851 11 4
851 253 3.5
851 1 3
851 220 1
851 256 3
851 212 2
851 217 3
851 245 3.5
851 236 4
851 244 4
851 12 4
852 8 4
852 211 2
852 3 4
852 17 2
852 2 3
852 214 3.5
852 243 2
852 234 2
852 212 2.5
852 12 4
852 254 2
852 250 4
852 207 4
852 251 4
852 235 2.5
852 11 4
852 253 4
852 236 1
852 247 2
852 244 2
852 10 4
852 7 4
852 210 2
852 233 2
852 219 4
852 13 3
852 1 3.5
852 5 4
852 6 2
852 216 2.5
852 249 2
852 257 2
852 84 1
852 9 2.5
852 248 2
852 215 2
852 213 2
852 252 4
852 241 2
852 205 3.5
852 206 4
852 246 2
852 4 4
852 255 2
852 217 2
852 220 2
852 121 4
852 245 2
852 239 2
852 256 2
853 17 3.5
853 1635 3.5
853 8 3.5
853 675 4
854 215 4
854 11 3.5
854 4 3.5
854 250 4
854 121 3.5
854 12 4
854 220 4
854 249 3
854 10 4
854 257 2
854 3 3.5
854 251 3.5
854 213 4
854 235 3
854 9 4
854 1 2.5
854 8 4
854 254 3
854 13 4
854 243 4
854 236 4
854 241 3
855 1123 4
856 257 3.5
857 218 4
857 278 3
857 5 2.5
857 1123 3
857 7 2.5
857 938 2
857 207 3
857 2 4
858 465 4
859 249 3.5
859 216 4
859 244 4
859 9 3.5
859 215 3.5
859 213 4
859 241 3.5
859 1636 3.5
859 206 3.5
859 255 4
859 217 3
859 220 4
859 245 3
859 239 3.5
859 8 3
859 3 4
859 17 3
859 2 3
859 234 3.5
859 12 3
859 250 4
859 207 3
859 251 4
859 253 4
859 236 3.5
859 211 3
859 491 1.5
859 10 3.5
859 7 3
859 233 3
859 219 3
859 1 3.5
859 5 4
859 6 4
859 11 3.5
860 2 3.5
860 236 3
860 3 3
860 8 3
860 7 3
860 11 2.5
860 207 3
860 215 3
860 211 3.5
860 17 3
860 205 3.5
861 336 4
861 8 4
861 589 3.5
861 1 4
861 1637 4
861 207 4
861 769 4
861 308 4
861 2 4
861 7 4
861 233 4
862 476 4
862 1638 4
862 17 4
862 12 4
862 9 4
862 2 3
862 3 3
862 668 3.5
862 236 4
862 1639 3
862 252 4
862 8 4
862 13 3.5
862 215 4
862 5 4
862 207 3
862 7 3.5
862 211 4
862 11 4
862 219 3
862 4 4
863 241 4
863 17 4
863 253 4
863 215 3
863 7 2.5
863 236 2.5
863 207 1
863 5 2
863 8 3
863 234 2
863 2 2.5
863 219 2
863 1 2
863 211 4
863 213 3
863 205 1
863 3 2
863 239 1.5
863 12 1
863 250 2
863 251 2
863 245 2.5
864 245 2
864 252 4
864 236 4
864 244 2
864 5 4
864 12 1
864 241 4
864 6 3.5
864 8 4
864 234 4
864 10 1.5
864 255 2
864 216 3.5
864 13 1
864 121 3.5
864 84 4
864 207 4
864 251 1.5
864 249 2.5
864 250 2
864 219 2
864 254 4
864 9 3
864 7 3.5
864 246 4
864 206 1
864 257 1.5
864 969 3
864 247 2
864 235 4
864 205 1.5
864 239 2.5
864 213 3
864 2 4
864 4 2
864 210 2
864 248 2
864 3 1
864 1 1
864 220 4
864 256 2
864 217 2.5
864 214 2.5
864 551 2.5
864 243 3.5
864 17 2
864 233 4
864 215 4
864 1640 2
864 11 1.5
864 253 4
864 211 3
864 212 3.5
865 220 2.5
865 245 3
865 234 3.5
865 254 2.5
865 207 2
865 251 2.5
865 235 4
865 253 3
865 8 2.5
865 211 4
865 3 2.5
865 247 3
865 2 4
865 7 2.5
865 233 2.5
865 219 3.5
865 212 3
865 12 3.5
865 250 2.5
865 1 4
865 11 4
865 236 3.5
865 257 3
865 84 2
865 244 3
865 10 3
865 210 3.5
865 9 3
865 13 4
865 5 3.5
865 213 3
865 241 2.5
865 216 4
865 206 4
865 4 3.5
865 217 3
865 121 2.5
865 239 3
865 256 2.5
865 215 3
865 17 2.5
865 205 4
865 255 2.5
866 17 3.5
866 207 2.5
866 12 2
866 236 3.5
866 7 0.5
866 2 2.5
866 399 4
866 8 3.5
866 235 3
866 5 3.5
867 13 2
867 245 3
867 234 2
867 257 3
867 219 2.5
867 17 3.5
867 233 2.5
867 220 3
867 12 1.5
867 7 3.5
867 253 1
867 215 4
867 252 1.5
867 210 3
867 212 3.5
867 683 3
867 5 3.5
867 211 4
867 680 3
867 1 1
867 246 2.5
867 206 2.5
867 1641 0.5
867 216 1
867 217 2
867 255 2.5
867 749 2
867 6 1
867 243 4
867 84 2.5
867 235 1
867 241 2.5
867 251 3.5
867 244 2
867 207 1.5
867 214 3
867 857 3
867 3 1
867 205 1
867 585 3.5
867 239 3
867 218 4
867 10 3
867 4 4
867 254 1.5
867 442 2.5
867 213 4
867 11 4
867 250 3
867 8 2
867 2 1.5
867 1642 4
867 9 3
867 247 2
867 236 3
867 121 3
868 4 4
868 1 3.5
868 2 4
868 5 3
868 219 2.5
868 12 3
868 235 4
868 10 1.5
868 8 2
868 207 3.5
868 241 3.5
868 215 3
868 11 4
868 7 3
869 1 1.5
869 207 3.5
869 205 3.5
869 5 3.5
869 2 3.5
869 3 4
869 8 4
869 215 1
869 13 4
869 84 3.5
869 12 3
869 253 3
870 2 2.5
870 206 3
870 254 3.5
870 7 3
870 9 3.5
870 211 3
870 239 3.5
870 8 4
870 17 3
870 1 1.5
870 10 2
870 11 3.5
870 4 3.5
870 213 3
871 17 3
871 233 3
871 215 0.5
871 11 3.5
871 253 0.5
871 211 2.5
871 212 2.5
871 245 2.5
871 252 3.5
871 236 3
871 5 4
871 12 0.5
871 241 0.5
871 6 2.5
871 8 1.5
871 10 0.5
871 255 2.5
871 216 0.5
871 13 2
871 84 0.5
871 207 1.5
871 251 0.5
871 250 3
871 219 3
871 254 1
871 9 0.5
871 246 4
871 206 3.5
871 257 2
871 247 4
871 235 0.5
871 205 0.5
871 239 3
871 213 3.5
871 2 3
871 4 3.5
871 7 0.5
871 3 2.5
871 858 2
871 1 1
871 220 3
871 217 1.5
872 211 4
872 7 2.5
872 207 2
872 8 3
872 17 3.5
873 11 3
873 10 2.5
873 17 2.5
873 241 3.5
873 3 2.5
873 270 4
873 13 1.5
873 7 3
873 207 3.5
873 383 1
873 239 2
873 2 4
873 135 2
873 836 4
874 254 3
874 256 4
874 3 3.5
874 8 3.5
874 5 4
874 214 3.5
874 206 4
874 7 3.5
874 257 3
874 10 3
874 11 3.5
874 220 3
874 215 4
874 2 2.5
874 213 3.5
874 4 3.5
874 241 3
874 235 3
874 13 4
874 243 3
874 236 4
874 1 3
874 248 3
874 12 3.5
874 205 2.5
874 121 3.5
874 247 3
874 17 4
874 251 3
874 255 3.5
874 249 3.5
874 6 4
874 239 3.5
874 250 3.5
874 217 3.5
874 210 3
874 219 3.5
874 234 3.5
874 253 2.5
874 212 3.5
874 246 3.5
874 9 3.5
874 245 4
874 211 4
874 216 3
874 207 2.5
874 233 3.5
874 84 3.5
874 252 3.5
874 244 3.5
875 12 3.5
875 235 0.5
875 10 3
875 219 2.5
875 220 2.5
875 13 3
875 1 4
875 206 3
875 2 4
875 11 3
875 7 1.5
875 212 3
876 17 2
876 207 3.5
876 7 2.5
876 12 2
876 205 2.5
876 1 3
877 7 3
877 4 4
877 13 3
877 215 2
877 254 3
877 10 3
877 17 3
877 11 4
878 213 3
878 257 4
878 7 3.5
878 243 4
878 236 3.5
878 210 0.5
878 254 4
878 215 1
878 241 3.5
878 248 4
878 249 4
878 6 4
878 13 3
878 2 3
878 219 1
878 211 4
878 245 4
878 4 1.5
878 207 3.5
878 252 4
878 255 1
878 212 3.5
878 121 4
878 8 3
878 11 3.5
878 84 4
878 251 4
878 244 0.5
878 235 0.5
878 12 4
878 206 4
878 17 3
878 1 3.5
878 253 2
878 239 4
878 9 4
878 247 3.5
878 10 3.5
878 5 1.5
878 216 3.5
878 217 1.5
878 205 3
878 214 3
878 220 1
878 256 3.5
878 250 4
878 233 3
878 246 3
878 234 3
878 3 3.5
879 220 0.5
879 219 3
879 239 0.5
879 10 1
879 257 0.5
879 214 0.5
879 250 0.5
879 206 0.5
879 3 4
879 17 0.5
879 12 3.5
879 247 1
879 246 0.5
879 249 0.5
879 212 0.5
879 235 3.5
879 9 0.5
879 255 0.5
879 210 0.5
879 2 3.5
879 1 3
879 8 0.5
879 254 0.5
879 13 0.5
879 251 0.5
879 243 0.5
879 245 0.5
879 236 0.5
879 217 0.5
879 213 0.5
879 216 0.5
879 205 3
879 252 0.5
879 256 0.5
879 241 3
879 248 0.5
879 215 0.5
879 11 0.5
879 84 0.5
879 253 0.5
879 4 1
879 5 0.5
879 6 0.5
879 233 0.5
879 207 0.5
879 121 1.5
879 244 0.5
879 7 2
879 211 0.5
879 234 0.5
880 17 4
880 236 3.5
880 5 4
880 12 0.5
880 219 2
880 121 2.5
880 9 3.5
880 8 4
880 1 3
880 2 3.5
880 7 3.5
881 215 2.5
881 213 1.5
881 10 2
881 3 3
881 13 3.5
881 11 3.5
881 214 3
881 1 3
881 2 3.5
882 207 0.5
882 213 1.5
882 2 4
882 254 1
882 3 4
882 216 1
882 9 2.5
882 233 1.5
882 219 1.5
882 17 4
883 257 4
883 808 4
883 940 4
883 1643 4
883 981 3.5
883 307 3
883 9 3.5
883 215 4
883 205 4
883 239 2.5
883 30 4
883 8 4
883 17 4
883 2 3.5
883 275 4
883 234 3.5
883 1644 3.5
883 250 4
883 429 3.5
883 207 3
883 251 3.5
883 236 4
883 211 4
883 1645 2
883 10 3
883 7 3.5
883 219 4
883 5 3.5
883 1646 4
883 11 3.5
884 1 3
884 206 3.5
884 235 3
884 241 3
884 7 4
884 205 3
885 343 4
886 235 1.5
886 241 2
886 207 3
886 12 2.5
886 206 4
886 1 1
887 2 3.5
887 215 3.5
887 17 4
887 3 4
887 8 4
887 13 3.5
887 11 4
888 12 1
888 216 3
888 207 3.5
888 235 2
888 213 4
888 254 3
888 4 3.5
888 7 3.5
888 257 3
888 239 3.5
888 2 4
888 17 4
888 233 3
888 215 3.5
888 11 4
888 1 2.5
888 220 3.5
888 10 3
888 255 3.5
888 13 4
889 189 4
889 10 3
889 213 2.5
889 7 3.5
889 1 2.5
889 205 3
890 6 3.5
890 780 4
890 207 3.5
890 206 3.5
890 121 3.5
890 12 3
890 779 0.5
890 211 3
890 234 3
890 220 3
890 219 3.5
890 10 3
890 250 3.5
890 3 4
890 17 3.5
890 786 4
890 653 4
890 212 4
890 788 4
890 235 3
890 9 4
890 255 4
890 2 4
890 771 4
890 205 3.5
890 1 3
890 8 4
890 13 3.5
890 251 3
890 775 4
890 236 3
890 5 4
890 216 3
890 654 1.5
890 256 4
890 241 3
890 11 3.5
890 784 1
890 84 3
890 253 3.5
890 4 4
891 616 3
891 269 3.5
891 1117 2.5
891 1078 3
891 347 3
891 1092 3.5
891 159 3
891 239 2.5
891 805 3.5
891 1111 3.5
891 845 2.5
891 1100 2
891 1105 2.5
891 8 2.5
891 278 3
891 1080 2.5
891 447 3
891 2 2.5
891 1110 2.5
891 1478 3
891 290 3.5
891 12 1.5
891 793 3
891 1256 2.5
891 207 2
891 91 3
891 236 3
891 211 3
891 1084 1.5
891 1096 0.5
891 263 0.5
891 1104 3
891 7 2.5
891 1083 1.5
891 1034 2
891 1198 2.5
891 5 3.5
891 441 2
891 286 3.5
891 1101 2
891 1102 3.5
891 611 3
891 1120 0.5
891 265 3.5
891 1088 2.5
891 307 3.5
891 453 1
891 1094 3
892 1371 2.5
892 361 1
892 733 3.5
892 617 4
892 287 3
892 7 4
892 1 2.5
892 692 2
892 1136 4
892 310 1.5
892 242 4
892 474 3.5
893 219 4
893 1647 4
893 216 4
893 377 4
893 205 4
893 257 3
894 5 4
894 345 4
894 1648 4
894 11 3
894 7 2
894 1 2.5
894 4 2
894 205 3.5
894 207 3.5
894 698 3
894 519 4
894 64 4
894 2 3.5
894 476 4
894 408 3.5
894 1393 3.5
894 585 3.5
895 3 3.5
895 211 4
895 236 4
895 491 4
895 17 4
896 4 4
896 6 4
896 233 4
896 250 4
896 206 4
896 121 4
896 244 4
896 17 4
896 12 4
896 247 4
896 220 4
896 249 4
896 239 4
896 10 4
896 212 4
896 9 4
896 257 4
896 214 4
896 210 4
896 2 4
896 3 4
896 1 4
896 251 4
896 246 4
896 245 4
896 236 4
896 213 4
896 235 4
896 255 4
896 216 4
896 205 4
896 252 4
896 248 4
896 8 4
896 254 4
896 13 4
896 215 4
896 243 4
896 84 4
896 217 4
896 5 4
896 207 4
896 7 4
896 241 4
896 256 4
896 211 4
896 234 4
896 11 4
896 219 4
896 253 4
897 7 4
897 1 4
897 236 3.5
897 12 2
897 17 3
897 2 3.5
897 235 3.5
897 207 4
898 428 3
898 1199 2.5
898 432 4
898 677 3.5
898 398 4
898 397 4
898 594 2
898 1339 3.5
898 585 4
898 550 4
898 1003 1
898 1287 2.5
898 666 3.5
898 1291 4
898 1292 4
898 294 3.5
898 1288 3.5
898 696 4
898 1290 3
898 1202 3.5
898 218 3.5
898 274 2
898 1289 3
898 1286 1.5
898 442 2.5
898 589 3.5
898 26 3.5
898 283 4
898 512 4
898 7 3.5
898 318 4
899 318 4
899 220 4
899 239 3
899 257 2.5
899 1122 4
899 17 4
899 10 3
899 241 3
899 12 2.5
899 5 4
899 1 2.5
899 7 3
899 2 4
899 207 4
900 206 2
900 246 2
900 4 2
900 255 2
900 217 2
900 220 2
900 121 2
900 245 2
900 239 2
900 256 2
900 8 2
900 3 2
900 17 2
900 2 2
900 214 2
900 243 2
900 12 3
900 234 2
900 212 2
900 254 2
900 250 2
900 207 3
900 251 2
900 235 3
900 253 2
900 236 2
900 211 2
900 247 2.5
900 10 1.5
900 7 3
900 210 2
900 233 2
900 219 2
900 13 2
900 1 3
900 5 2
900 6 2
900 11 2.5
900 257 2
900 249 2
900 216 2.5
900 84 2
900 244 2
900 9 2
900 248 2
900 215 2
900 213 2
900 252 2
900 241 2
900 205 2
901 9 3.5
901 241 3.5
901 8 4
901 3 3.5
901 13 3.5
901 250 3.5
902 586 4
902 1649 3.5
902 211 3.5
902 254 1.5
902 3 0.5
902 207 2
902 252 3
902 11 4
902 1091 4
902 1650 2.5
902 13 4
902 1651 3
902 5 2.5
902 7 4
902 206 1
902 10 2
902 1652 3
902 2 4
902 235 2.5
902 1542 2.5
902 1 2.5
902 236 3.5
902 12 3
902 875 3
902 1653 3.5
902 239 3.5
902 592 2
903 255 3
903 206 3.5
903 7 3.5
903 239 2.5
903 207 3.5
903 3 2.5
903 215 3
903 250 3
903 5 3.5
903 236 2
903 11 4
903 12 2.5
903 4 2.5
903 241 1
903 8 4
903 1 3.5
903 205 2.5
903 235 2.5
904 215 3
905 246 3.5
905 217 3
905 241 3
905 233 2.5
905 249 2.5
905 215 4
905 214 3
905 213 4
905 8 4
905 248 2.5
905 17 4
905 243 3
905 10 2
905 255 3.5
905 256 3
905 235 3.5
905 236 4
905 318 4
905 9 3.5
905 3 4
905 254 4
905 239 3
905 7 4
905 250 2.5
905 210 2.5
905 257 2
905 211 4
905 4 2.5
905 219 4
905 1 3
905 2 1
905 247 4
905 207 4
905 252 3
905 245 2.5
905 206 3
905 121 3
905 12 3
905 6 3
905 220 3
905 244 2
905 212 3
905 13 4
905 11 4
905 5 4
905 675 4
905 205 4
905 234 4
905 251 3
905 216 2
905 253 3
905 84 3.5
906 7 4
906 897 3
906 9 3
906 5 3.5
906 1 3.5
906 236 3
906 11 3
906 638 4
906 8 3
906 675 4
906 211 4
906 434 4
906 207 3.5
906 17 4
907 3 3
907 213 3
907 7 3
907 248 3
907 6 2.5
907 2 2
907 219 2
907 211 2.5
907 236 3
907 245 3
907 4 2.5
907 207 0.5
907 255 2.5
907 212 2.5
907 8 3
907 215 3
907 11 2
907 241 2.5
907 13 1
907 251 2.5
907 244 3
907 12 2
907 253 2
907 17 3
907 1 2
907 9 2
907 247 3
907 5 3
907 217 3
907 205 2.5
907 220 2
907 233 2
907 206 3
907 246 3
908 17 1.5
908 7 3
908 13 2
908 219 4
908 217 4
908 212 3
908 10 1
908 220 2.5
908 215 1.5
908 235 3
908 216 3
908 245 2
908 206 3
908 12 3.5
908 251 2.5
908 3 1.5
908 236 2
908 205 3
908 234 4
908 1 3.5
908 241 2.5
908 250 3
908 247 2
908 255 1.5
908 249 3.5
908 257 2.5
908 121 2.5
908 2 3
909 1 4
909 220 3
909 256 2.5
909 212 3.5
909 217 3
909 245 2
909 236 3.5
909 244 2
909 211 2
909 234 3.5
909 10 3
909 255 3
909 216 3.5
909 13 4
909 84 2.5
909 249 2.5
909 250 3
909 252 3
909 12 3
909 246 3.5
909 5 4
909 241 4
909 6 3
909 8 2
909 121 3.5
909 207 4
909 251 3
909 235 4
909 239 3.5
909 213 3
909 2 3.5
909 219 4
909 254 3
909 4 4
909 9 3
909 7 4
909 206 4
909 257 2
909 247 2
909 214 3
909 205 3.5
909 243 3
909 17 3
909 248 2.5
909 210 2
909 233 3
909 215 3.5
909 3 4
909 11 4
909 253 4
910 13 3.5
910 3 3.5
910 215 3.5
910 216 3
910 10 1.5
910 11 2.5
910 214 3
910 205 4
910 1 3.5
910 212 2.5
910 213 2.5
910 2 3.5
911 753 4
911 215 3
911 12 1.5
911 253 1.5
911 247 2.5
911 234 3
911 1544 3.5
911 216 3
911 205 1
911 7 2.5
911 211 3.5
911 213 1.5
911 17 3
912 6 2.5
912 236 1.5
912 213 3.5
912 3 3.5
912 11 3.5
912 4 3.5
912 283 3.5
912 255 0.5
912 8 1
912 2 4
912 211 0.5
912 17 3
913 236 3
913 2 3
913 213 3.5
913 11 3.5
913 10 3.5
913 12 2.5
913 235 3
913 1 3.5
913 4 3.5
913 7 3.5
914 1654 1
914 250 4
914 219 3
914 239 3
914 4 3
914 9 3.5
914 7 3
914 3 3.5
914 220 3
914 17 3
914 215 4
914 11 4
914 253 3
914 211 4
914 278 4
914 236 3.5
914 5 4
914 12 3
914 6 3
914 8 4
914 255 3.5
914 251 3
915 207 3
915 216 4
915 205 3
915 7 3
915 241 4
915 213 2
915 3 4
915 1 4
915 206 2.5
915 2 4
915 121 2.5
915 234 3
915 257 2
915 235 4
916 1445 2.5
916 1446 3.5
916 1524 3.5
916 215 4
916 955 2.5
917 1443 4
917 3 3.5
917 1070 2
917 7 3.5
917 248 3
917 211 4
917 10 2.5
917 4 4
917 1565 1.5
917 1 4
917 235 0.5
917 247 2
917 245 3
917 486 4
917 206 3
917 121 3
917 239 3
917 1038 1
917 1655 2.5
917 220 3
917 244 2.5
917 1656 0.5
917 11 2.5
917 5 2.5
917 234 3
917 251 3
917 12 2
917 253 2
917 84 2.5
917 13 2
917 217 3
917 8 4
917 205 3
917 216 3.5
917 467 1.5
917 17 4
918 213 3
918 214 3.5
918 1091 4
918 248 3.5
918 712 3.5
918 17 4
918 1657 3.5
918 255 3.5
918 719 3.5
918 254 3.5
918 10 4
918 211 3
918 3 3
918 205 3.5
918 397 4
918 522 3
918 70 2
918 5 3
918 371 3.5
918 250 3.5
918 241 4
918 252 3
918 295 3
918 251 3
918 4 3
918 244 3
918 249 3
918 219 2.5
918 9 3.5
918 709 3
918 215 4
918 6 3
918 623 3.5
918 536 4
918 1658 3.5
918 13 3.5
918 239 3
918 726 3.5
918 696 4
918 512 1
918 533 3.5
918 121 3
918 212 3.5
918 256 4
918 84 3
918 234 2.5
918 253 3
918 247 3.5
918 257 3
918 7 2.5
918 235 4
918 245 3
918 8 3.5
918 236 3
918 243 3
918 2 3
918 356 3.5
918 392 3.5
918 290 3.5
918 1 3.5
918 206 4
918 246 4
918 216 3.5
918 1659 1
918 12 3
918 217 3.5
918 207 3.5
918 347 4
918 210 3
918 310 4
918 183 3.5
918 220 3
918 11 3
918 233 3
919 214 1.5
919 7 0.5
919 10 1
919 219 0.5
919 255 0.5
919 1 2
919 2 2.5
919 252 4
919 245 1.5
919 239 2
919 6 0.5
919 257 0.5
919 11 1.5
919 5 0.5
919 234 0.5
919 212 3
919 13 1.5
919 217 1
919 249 1
919 215 0.5
919 213 3
919 205 1
919 216 2
919 17 1.5
919 246 2.5
919 3 1.5
920 255 3
920 11 4
920 207 2.5
920 214 1.5
920 3 1
920 205 3.5
920 239 2.5
920 13 2.5
920 10 4
920 234 2
920 219 3.5
920 17 1.5
920 233 2.5
920 213 3.5
920 215 3
920 8 2.5
920 2 3
920 5 2
920 211 2.5
920 245 2.5
920 7 4
920 216 1
920 217 2.5
920 252 2.5
920 6 2.5
920 210 3
920 212 2.5
920 246 4
920 1 4
921 1221 0.5
921 9 3.5
921 3 2.5
921 254 4
921 7 4
921 239 4
921 210 1
921 211 3
921 10 4
921 1231 0.5
921 4 4
921 219 4
921 1 4
921 235 4
921 247 2.5
921 2 2.5
921 252 1
921 245 1.5
921 206 1
921 1229 3
921 121 2.5
921 12 4
921 250 3
921 6 3
921 220 2
921 244 3.5
921 257 1.5
921 13 3.5
921 11 0.5
921 1223 3.5
921 5 0.5
921 207 4
921 1227 3.5
921 205 2
921 234 1
921 251 1.5
921 1224 3
921 216 2.5
921 253 2
921 84 1.5
921 212 4
921 1660 3
921 217 1.5
921 246 1.5
921 831 4
921 233 3
921 249 2
921 215 1
921 214 2.5
921 213 2.5
921 1222 2
921 8 3
921 866 3.5
921 1226 4
921 248 3
921 17 1.5
921 243 4
921 878 1
921 1194 3.5
921 1228 1.5
921 255 2
921 241 3
921 256 3.5
921 236 1.5
922 13 3.5
923 11 3.5
923 13 4
923 215 3.5
924 843 4
925 213 2
925 1 2.5
925 239 3
925 2 0.5
925 10 3
925 252 2.5
925 212 4
925 234 3.5
925 216 3.5
925 205 4
925 215 4
925 11 1
925 7 2.5
926 11 4
926 5 4
926 205 4
926 13 4
926 10 3.5
926 215 3
926 213 2
927 213 3.5
927 11 4
927 2 3.5
927 13 3
927 8 2
927 1 4
927 236 3
927 5 4
927 17 1.5
927 219 4
927 206 3
927 235 3.5
927 214 3
927 7 2.5
927 207 2.5
927 10 4
927 3 2.5
927 215 3
928 213 3.5
928 5 3
928 7 3.5
928 206 3
928 257 3
928 220 3.5
928 2 3
928 4 4
928 217 2.5
928 1 3
928 236 3.5
928 12 4
928 9 3.5
928 207 3.5
928 6 3
928 250 3
928 219 3
928 84 3
928 234 3
928 3 2.5
928 8 3
928 10 2
928 11 4
929 7 3
929 10 1
929 233 1
929 257 0.5
930 212 2
930 217 2.5
930 245 3
930 236 3.5
930 244 2.5
930 12 2
930 211 2.5
930 234 3
930 10 4
930 255 3
930 216 3
930 13 3
930 84 2.5
930 251 2
930 249 2.5
930 250 2
930 219 3.5
930 252 3
930 246 2.5
930 5 1.5
930 241 2.5
930 6 2
930 8 3
930 121 2.5
930 207 3.5
930 235 2.5
930 239 3
930 213 3.5
930 2 4
930 254 3
930 9 3
930 4 2.5
930 7 2
930 210 2.5
930 206 3
930 257 3.5
930 247 3.5
930 214 2.5
930 205 2.5
930 243 3.5
930 17 2.5
930 248 1.5
930 233 3
930 215 2.5
930 3 2
930 11 3.5
930 253 2.5
930 1 2
930 220 2.5
930 256 2.5
931 205 4
931 1 2
931 13 3.5
931 236 2.5
931 241 2
931 11 4
931 219 3.5
931 253 3.5
931 4 3.5
931 207 3
931 250 3
931 206 3
931 7 3
931 12 3
931 220 3.5
931 239 4
931 3 3.5
931 17 3.5
931 213 4
931 235 3
932 8 2.5
932 207 3.5
932 477 3
932 17 2.5
932 10 3
932 322 3.5
932 927 0.5
932 3 3
932 216 2.5
932 236 2
932 9 2.5
932 2 4
932 241 3.5
932 219 3.5
933 219 3
933 10 3
933 207 3.5
933 1 2
933 2 4
934 233 3.5
935 233 3.5
935 219 3.5
935 244 3
935 254 4
935 8 3.5
935 10 4
935 11 4
935 215 3.5
935 213 3.5
935 241 4
935 13 3.5
935 243 3.5
935 7 4
935 257 3
935 1 3.5
935 17 3.5
935 2 4
935 4 4
935 210 3
935 236 3.5
935 12 3
935 550 4
935 9 3
935 205 3.5
935 121 3.5
935 216 4
935 251 3.5
935 255 3.5
935 207 3.5
935 239 3.5
936 10 2.5
936 13 4
936 233 2.5
936 213 4
936 255 3
936 5 3
936 234 3
936 246 3
936 250 2.5
936 254 2
936 241 2
936 216 2
936 252 4
936 219 4
936 212 4
936 11 2.5
936 245 3
936 217 3.5
936 121 3.5
936 244 2.5
936 247 2.5
937 215 4
937 220 4
937 236 4
937 247 4
937 241 4
937 233 4
937 2 4
938 17 3.5
938 723 2
938 211 3
938 336 4
938 1248 2.5
938 1254 2
938 499 3
938 220 3
938 1253 3.5
938 1250 2
938 1240 2
938 1235 1
938 1245 4
938 1239 2.5
938 689 3.5
938 1244 2
938 1251 2.5
938 1242 2.5
938 1236 3
938 1252 2.5
938 1241 3.5
938 1249 1
938 1238 2.5
938 1247 3.5
938 289 3.5
938 257 2.5
938 447 3.5
938 12 2.5
938 207 3.5
938 1246 3
938 1243 2.5
938 1237 3
939 609 4
939 211 2.5
939 2 3
939 3 2
939 205 3
939 7 2.5
939 236 1.5
939 11 3
939 1661 3
939 1395 4
939 1274 2.5
939 1662 3.5
939 17 2
939 241 2.5
939 1 2
939 10 2.5
939 1663 3.5
939 1664 3
940 236 3.5
940 12 3
940 11 4
940 241 4
940 219 3.5
940 207 4
940 7 4
940 4 4
940 206 4
941 1274 4
942 217 3.5
942 220 3.5
942 214 4
942 234 3
942 3 3
942 213 3
942 257 4
942 236 3.5
942 254 3.5
942 215 4
942 6 3
942 2 4
942 219 4
942 211 3
942 255 4
942 8 4
942 13 3.5
942 206 4
942 17 4
942 1 1
942 239 2.5
942 9 3
942 10 2
942 5 4
943 8 3.5
943 7 3
943 17 4
943 241 0.5
943 12 1
943 236 3
944 1665 4
944 234 3.5
944 10 3.5
944 12 4
944 1 3.5
944 206 3.5
944 216 3.5
944 3 3
944 235 4
944 217 4
944 1666 4
944 212 2.5
944 4 4
944 241 3
944 17 2
944 257 4
944 213 4
944 207 3.5
944 254 4
944 11 4
944 250 4
944 211 2.5
944 13 3.5
944 2 4
944 7 4
945 255 4
945 245 3.5
945 239 3.5
945 235 2
945 8 4
945 211 3.5
945 3 4
945 219 3.5
945 234 1
945 12 2
945 207 1
945 11 4
945 253 2
945 236 3
945 84 3.5
945 247 2
945 244 2.5
945 10 1.5
945 7 4
945 233 3.5
945 13 2.5
945 1 4
945 5 4
945 6 4
945 252 3.5
945 241 3
945 257 2
945 4 4
945 217 3
945 9 4
945 215 3
945 213 3.5
945 17 3
946 252 2
946 219 1.5
946 212 2
946 6 2
946 11 3.5
946 2 4
946 245 3
946 248 2
946 217 2
946 253 2
946 236 3
946 121 2
946 244 2
946 7 4
946 210 3
946 206 4
946 4 1.5
946 247 2
946 8 2
946 257 2
946 239 2
946 12 1.5
946 10 3
946 243 2
946 215 3
946 13 4
946 251 2
946 3 4
946 233 2
946 205 4
946 213 3
946 255 2
946 207 3.5
946 214 2
946 5 3.5
946 1 3.5
946 17 4
946 234 2
946 211 2.5
946 235 3
946 246 3.5
946 249 2.5
946 250 2
946 9 2
946 256 2
946 254 2
946 241 3
946 216 3
946 84 2
947 253 2
947 245 2.5
947 206 3.5
947 246 3
947 251 3.5
947 212 2
947 248 2
947 243 2
947 234 3.5
947 1367 1
947 1 4
947 241 3.5
947 252 2
947 235 3.5
947 216 3
947 255 2
947 207 3
947 5 4
947 249 2.5
947 211 4
947 257 2.5
947 12 3.5
947 121 3
947 6 3
947 3 4
947 236 4
947 205 3.5
947 214 2
947 250 3
947 342 4
947 247 3
947 749 1
947 7 4
947 233 3
947 1118 4
947 219 3.5
947 213 4
947 256 2
947 11 4
947 2 2
947 17 3.5
947 244 2
947 217 2
947 4 3.5
947 239 3.5
947 254 2.5
947 13 3.5
947 84 3
947 10 3
947 9 4
947 210 2
947 8 4
947 220 4
947 215 3
948 2 3.5
948 1 4
948 236 3.5
948 213 2.5
948 235 2.5
948 216 2
948 205 3.5
948 13 4
948 215 3.5
948 84 2
948 5 3.5
948 207 2
948 7 3.5
948 241 3.5
948 11 4
948 219 3.5
948 4 4
948 257 3.5
948 206 4
948 3 3.5
948 12 1.5
948 220 2.5
948 239 3.5
948 10 4
948 212 2
948 214 3
949 4 3.5
949 247 2.5
949 8 3
949 239 2.5
949 12 2
949 7 3.5
949 233 2.5
949 257 3
949 207 3
949 10 1
949 1 2.5
949 234 3
949 13 3
949 250 2
949 254 1.5
949 241 2
949 219 2.5
949 212 2
949 11 3.5
949 2 2.5
949 9 3
949 217 3
950 5 4
950 213 4
950 252 3
950 241 2.5
950 216 1.5
950 206 4
950 246 2.5
950 4 4
950 217 2
950 121 4
950 256 3
950 215 4
950 17 4
950 205 3
950 255 4
950 214 4
950 220 4
950 245 3.5
950 239 4
950 234 3
950 207 3
950 251 4
950 235 2.5
950 253 4
950 8 4
950 211 4
950 3 4
950 247 4
950 2 4
950 7 4
950 233 3.5
950 243 2
950 219 4
950 12 4
950 212 4
950 250 3.5
950 254 2
950 1 1.5
950 6 4
950 11 4
950 236 3
950 249 4
950 257 2.5
950 84 4
950 244 4
950 10 2.5
950 210 4
950 9 3.5
950 248 2
950 13 4
951 7 3.5
951 215 3.5
951 250 4
951 236 4
951 11 4
951 12 4
951 4 4
951 2 3.5
951 13 4
951 8 3.5
951 17 3.5
951 212 2.5
951 214 3.5
952 216 1.5
952 181 3
952 84 4
952 207 4
952 3 4
952 305 0.5
952 10 3
952 4 2
952 11 2
952 250 4
952 2 1.5
952 9 3.5
952 236 3
952 13 2
952 234 4
952 219 3
952 17 3.5
952 233 3
952 12 0.5
952 7 4
952 8 4
952 835 2
952 1 4
953 8 2.5
953 207 0.5
953 7 2
953 17 3
953 5 3.5
953 236 2
954 11 4
954 2 4
954 210 3
955 236 3
955 5 4
955 213 3
955 207 2
955 8 2.5
955 17 3.5
955 10 3
955 9 2
955 2 4
955 13 2.5
956 341 4
957 11 3.5
957 1 3
957 207 1.5
957 236 2
957 7 3.5
957 2 2
957 215 2
957 8 3
957 235 3
957 219 3
957 17 3
957 213 3
957 10 1.5
958 10 3.5
958 246 4
958 12 2
958 247 4
958 220 0.5
958 239 3
958 3 2
958 256 0.5
958 210 3
958 8 4
958 217 1.5
958 206 4
958 253 0.5
958 6 1.5
958 4 0.5
958 241 0.5
958 17 3.5
958 257 1.5
958 213 3.5
958 219 2.5
958 244 0.5
958 207 1
958 216 2
958 254 1.5
958 235 0.5
958 11 2
958 249 1.5
958 211 3
958 2 3
958 212 2
958 233 2.5
958 252 1.5
958 251 0.5
958 5 2
958 243 1.5
958 215 4
958 234 2
958 250 1
958 248 1.5
958 245 3.5
958 236 4
958 13 3
958 205 2
958 9 3
958 1 3
958 121 4
958 7 1.5
958 255 2.5
958 214 3
958 84 0.5
959 216 3.5
959 239 3
959 214 3.5
959 212 2.5
959 205 3
959 10 4
959 13 3
959 3 4
959 215 2.5
959 1 0.5
959 2 3.5
959 213 3
959 11 1.5
960 213 2
960 3 3
960 1 2
960 207 3
960 12 3
960 1667 4
960 236 4
960 1173 4
960 9 4
960 475 4
960 7 2.5
960 2 2.5
960 219 4
960 1668 4
960 1431 4
960 5 4
960 1669 4
960 17 4
961 283 1
961 577 1
961 779 3.5
962 215 3
962 17 1
962 205 2
962 239 3.5
962 207 2.5
962 235 2.5
962 8 3.5
962 211 2.5
962 3 2.5
962 7 4
962 219 2.5
962 12 2
962 1 2.5
962 11 3.5
962 236 1
962 10 1
962 13 2
962 5 4
962 213 3
963 408 2.5
963 591 2
963 1062 2
963 833 3.5
963 1670 1
963 1671 3
963 189 4
963 1672 2.5
963 805 3.5
963 341 3
963 593 2
963 1673 3
963 295 3
963 1674 1
963 1017 4
963 377 2
963 1675 2.5
963 1676 2.5
963 739 3
963 521 3
963 63 3
963 1677 4
963 207 2.5
963 355 3
963 769 3.5
963 658 3
963 1019 2.5
963 1200 0.5
963 7 3
963 925 1.5
963 478 3.5
963 257 2
963 597 2
963 1678 1.5
963 363 4
963 2 3.5
964 236 4
964 7 4
964 239 3
964 2 4
964 219 4
964 17 4
964 10 2
964 3 3
964 11 4
964 1 1.5
964 4 4
964 207 2.5
965 213 3.5
965 583 4
965 235 4
965 216 2.5
965 252 2
965 205 3
965 1679 3
965 256 4
965 13 3.5
965 606 0.5
965 490 4
965 215 2.5
965 1680 3.5
965 207 4
965 585 3.5
965 397 4
965 1681 2.5
965 7 3.5
965 241 3.5
965 857 4
965 694 3
965 11 1
965 219 4
965 253 3
965 257 2
965 218 4
965 206 4
965 3 0.5
965 121 2
965 17 3
965 749 3.5
965 12 2.5
965 683 2
965 246 2.5
965 696 4
965 10 3.5
965 212 2.5
965 442 4
965 2 0.5
965 1 3.5
965 1641 4
965 509 4
965 680 4
965 245 2
965 217 2
966 13 4
966 2 3.5
966 7 2.5
966 216 3
966 17 3
966 11 4
966 5 3.5
966 250 3
966 12 2.5
966 205 4
966 219 3
966 10 2.5
966 9 3.5
966 257 2.5
966 4 4
966 211 4
967 216 4
967 10 4
967 9 4
967 254 4
967 255 4
967 219 4
967 8 4
967 1 4
967 4 4
967 13 4
967 7 2.5
967 257 3.5
967 2 4
967 213 4
967 11 4
968 17 4
968 2 4
968 1 2.5
968 215 4
968 9 2
969 1682 2
969 345 2.5
969 1010 1
969 799 2.5
969 242 3.5
969 1683 3
969 1445 3.5
969 1684 2.5
969 733 1.5
969 429 4
969 589 2.5
969 590 2.5
969 1685 2.5
969 1686 1.5
969 986 2.5
969 1687 3
969 295 2.5
969 798 4
969 769 3.5
969 1352 2
969 1300 3.5
969 1688 3
969 502 3
969 370 3
969 1689 3.5
969 1690 3
969 1691 3.5
969 197 4
969 358 2
969 1692 2.5
969 1382 1
969 1693 2.5
969 1159 4
969 1694 4
969 1695 4
969 1407 2.5
969 440 3
969 335 3.5
969 1534 3.5
969 1696 3
969 574 2.5
969 1697 3
969 1698 3
969 1699 2.5
969 1700 0.5
969 1701 3.5
969 1702 2.5
969 1703 3
969 1704 3
969 691 1.5
969 1705 3
969 1706 3
969 1707 4
969 1708 1.5
969 314 2.5
969 1709 3
969 1710 3
969 1164 1.5
969 183 2.5
969 1711 2.5
969 1712 3
969 1713 2
969 936 3.5
969 366 1.5
969 949 2
969 419 3
969 1714 2.5
969 270 3.5
969 1715 3.5
969 890 1.5
969 1716 2
969 1673 3
969 1717 2.5
969 1718 3.5
969 1719 1.5
969 833 3
969 1547 1.5
969 1720 3
969 1721 2.5
969 511 4
969 1722 2.5
969 1723 3
969 1724 3
969 712 2.5
969 1725 2
969 1726 1.5
969 1299 3
969 1727 2.5
969 1728 1.5
969 705 3.5
969 770 4
969 1729 4
969 396 3.5
969 1598 3
969 1730 2
969 359 3
969 1731 2
969 839 4
969 588 3
969 1732 2.5
969 688 1.5
969 1733 2.5
969 493 3
969 279 3.5
969 838 3
969 1734 2.5
969 1552 3
969 293 3
969 1735 2
969 304 3.5
969 1736 3.5
969 1649 3
969 908 3
969 1206 3.5
969 1035 4
969 286 4
969 947 2.5
969 1737 3.5
969 1738 4
969 1739 2.5
969 167 3
969 1740 3
969 1741 2
969 1742 4
969 750 3
969 801 2.5
969 1743 2.5
969 1744 3
969 1745 3
969 1746 2.5
969 1747 3.5
969 866 3
969 1748 2.5
969 585 3
969 576 2.5
969 599 2.5
969 1749 2
969 1750 2
969 309 2.5
969 478 3
969 1751 2
969 1752 2
969 1520 3
969 1753 2.5
969 1500 1
969 265 2.5
969 268 3.5
969 1754 2.5
969 360 2.5
969 1755 2.5
969 1756 3
969 765 2
969 71 3
969 604 3
969 955 1.5
969 1757 3
969 127 2.5
969 299 4
969 876 3.5
969 861 2.5
969 289 3
969 1758 3
969 729 3
969 746 3.5
969 274 2.5
969 706 2.5
969 28 3.5
969 1759 2.5
969 572 4
969 393 3.5
969 1760 2.5
969 1761 3.5
969 1762 3
969 1763 2
970 256 1
970 8 2
970 235 1.5
970 219 0.5
970 13 4
970 121 3.5
970 250 0.5
970 214 4
970 234 4
970 17 3.5
970 249 4
971 249 2.5
971 250 3
971 252 3
971 246 2.5
971 5 3.5
971 12 2.5
971 241 3
971 6 3
971 8 3
971 216 2.5
971 121 2.5
971 207 4
971 251 2.5
971 235 1.5
971 239 2
971 213 2
971 2 2
971 219 4
971 254 3.5
971 4 2.5
971 9 3
971 7 3.5
971 206 1.5
971 257 1.5
971 247 2.5
971 214 3
971 205 3.5
971 17 3
971 248 3
971 210 2.5
971 233 2.5
971 215 3
971 3 2.5
971 11 3
971 253 4
971 1 3
971 220 1.5
971 256 2
971 212 2.5
971 217 2
971 243 2.5
971 245 1.5
971 236 3
971 244 1.5
971 211 3.5
971 234 2.5
971 10 2.5
971 255 2.5
971 13 2.5
971 84 2.5
972 255 3
972 216 2
972 233 4
972 5 3
972 249 3
972 257 3
972 121 2
972 6 4
972 213 3.5
972 2 4
972 214 2.5
972 250 3
972 17 3.5
972 7 4
972 239 4
972 13 3
972 219 3.5
972 256 2.5
972 210 2.5
972 8 4
972 11 4
972 244 3.5
972 217 3
972 4 3.5
972 246 3
972 254 2.5
972 84 3.5
972 243 1.5
972 10 2
972 9 4
972 220 2
972 215 3.5
972 235 1.5
972 253 4
972 245 3
972 207 2.5
972 206 3
972 211 3
972 12 2.5
972 251 2.5
972 212 3
972 236 0.5
972 3 2
972 248 2.5
972 845 4
972 205 2.5
972 234 3
972 1 1
972 241 2.5
972 247 3
972 252 3
973 215 4
973 11 4
973 17 4
973 10 2.5
973 13 3
973 236 4
973 7 4
974 565 4
975 13 4
976 215 1
976 12 4
977 8 2.5
977 7 3
977 207 3
978 1338 3.5
978 1335 3.5
978 442 4
978 12 4
978 1336 4
978 509 4
979 2 3.5
979 12 3
979 235 2.5
979 4 3.5
979 206 3.5
979 207 3.5
979 11 3.5
979 7 4
979 1 2.5
980 236 3.5
980 12 3
980 9 3.5
980 255 3.5
980 6 3.5
980 207 3
980 239 3
980 219 3.5
980 84 3
980 211 3.5
980 254 3
980 3 3
980 8 3
980 5 4
980 214 3.5
980 11 3.5
980 215 4
980 213 3
980 714 3.5
980 241 2.5
980 13 4
980 7 3
980 206 3
980 1 2.5
980 17 3
980 2 2.5
980 4 3
981 255 3
981 10 2.5
981 211 3
981 13 3
981 212 2.5
981 245 2.5
981 252 4
981 244 3.5
981 246 2.5
981 5 2.5
981 12 3
981 6 2.5
981 8 3
981 234 2.5
981 216 2.5
981 84 2.5
981 207 2.5
981 251 2.5
981 219 3
981 254 2.5
981 4 2.5
981 9 3.5
981 7 3.5
981 206 2.5
981 257 4
981 247 2.5
981 214 2.5
981 205 2.5
981 239 2.5
981 2 2.5
981 215 3
981 233 3
981 210 2.5
981 3 2.5
981 11 3
981 1 2.5
981 253 4
981 1764 4
981 17 3.5
981 236 3.5
982 8 2.5
982 245 3
982 248 2.5
982 217 3
982 253 2
982 220 2.5
982 236 3
982 243 1.5
982 244 3
982 210 2
982 206 2.5
982 7 0.5
982 4 4
982 247 3.5
982 257 3.5
982 239 3
982 12 2
982 10 3
982 215 3
982 13 3.5
982 251 2.5
982 235 2
982 3 3
982 233 3
982 205 2
982 213 2
982 255 2.5
982 207 3
982 214 3.5
982 5 2.5
982 1 2.5
982 17 3
982 234 2.5
982 211 3
982 249 2
982 246 3
982 250 3
982 9 4
982 256 2
982 254 3.5
982 121 2
982 241 2.5
982 216 2.5
982 84 2.5
982 252 2.5
982 219 3
982 212 3
982 6 3
982 11 4
982 2 3.5
983 1747 4
983 579 0.5
983 13 4
983 215 4
983 261 4
984 206 3
984 219 3.5
984 6 3.5
984 4 4
984 247 1.5
984 8 3
984 239 3
984 12 3.5
984 243 1.5
984 236 3.5
984 215 3.5
984 7 3
984 251 3
984 233 3.5
984 213 2
984 255 3.5
984 257 1
984 207 4
984 10 2
984 5 2.5
984 1 3
984 234 3.5
984 211 4
984 13 3
984 235 3
984 249 3
984 246 2
984 250 3
984 3 3.5
984 254 3
984 256 1.5
984 205 2.5
984 214 2
984 241 2.5
984 216 2.5
984 84 3.5
984 17 3
984 252 2
984 212 2.5
984 11 4
984 2 4
984 245 1.5
984 9 4
984 248 1.5
984 217 1.5
984 253 4
984 220 3.5
984 121 2
984 244 1.5
984 210 2
985 3 2
985 205 2
985 213 3.5
985 255 3.5
985 214 2
985 17 3.5
985 234 3.5
985 246 3.5
985 216 2
985 252 3.5
985 219 3.5
985 212 2.5
985 11 3.5
985 2 2
985 217 3.5
985 239 3.5
985 7 4
985 10 3.5
985 5 3.5
985 1 3.5
985 215 3.5
985 13 3.5
986 5 3.5
986 236 4
986 13 4
986 9 4
986 7 4
986 215 4
986 8 4
986 234 4
986 211 4
986 233 4
986 17 4
986 213 4
986 241 3
987 207 3
987 6 3
987 239 2.5
987 250 2.5
987 233 2.5
987 84 3
987 252 3.5
987 244 2.5
987 212 3
987 245 1.5
987 211 2
987 254 3
987 256 2
987 3 2
987 8 3.5
987 5 3
987 214 2.5
987 10 2.5
987 11 4
987 220 2.5
987 215 3
987 213 3
987 241 2.5
987 235 3.5
987 13 3
987 243 1.5
987 206 3
987 7 3
987 257 2.5
987 1 2.5
987 236 4
987 248 2.5
987 12 2.5
987 247 2.5
987 17 2
987 251 2.5
987 2 3
987 249 3
987 4 3
987 217 1.5
987 210 2
987 219 3
987 234 3
987 253 2.5
987 246 2.5
987 9 2.5
987 205 3.5
987 121 2.5
987 216 1.5
987 255 3.5
988 220 2
988 215 1.5
988 2 1
988 213 2
988 4 3
988 241 2.5
988 235 3.5
988 243 2
988 1 3
988 248 1.5
988 236 3
988 12 3.5
988 205 1.5
988 121 2
988 247 2
988 17 3.5
988 251 2.5
988 255 1.5
988 249 1.5
988 6 2.5
988 239 1.5
988 250 2.5
988 217 1.5
988 210 2
988 219 3
988 234 1.5
988 253 1
988 212 1
988 246 1.5
988 9 2.5
988 245 2.5
988 211 2
988 216 1.5
988 254 3
988 207 3.5
988 233 2
988 84 1.5
988 252 2
988 244 2
988 256 1.5
988 3 2.5
988 13 2
988 7 4
988 8 3
988 5 1.5
988 214 1.5
988 206 2
988 257 3
988 10 2
988 11 2
989 7 3
989 236 3.5
989 13 4
989 207 2
989 1368 1
989 8 2.5
989 4 2.5
989 1765 4
989 219 3
989 1 3
989 1766 4
989 205 2
989 10 2
989 565 4
989 12 3
989 11 4
989 235 2.5
989 1340 1
989 241 3
989 17 3.5
989 220 2.5
989 215 4
989 250 3.5
989 1767 3
990 1768 4
990 524 4
990 206 4
990 547 4
990 254 4
990 239 3.5
990 210 3
990 9 4
990 241 4
990 527 4
990 5 4
990 17 3
990 4 4
990 235 4
991 213 3.5
991 2 4
991 4 3.5
991 248 2.5
991 210 2.5
991 233 4
991 215 3
991 3 3.5
991 11 4
991 253 2.5
991 1 4
991 220 3
991 256 3
991 214 3
991 217 3
991 243 2.5
991 17 4
991 211 4
991 10 3.5
991 255 3
991 212 4
991 245 2.5
991 252 3.5
991 236 4
991 244 2.5
991 5 4
991 12 4
991 1097 4
991 241 3.5
991 6 2.5
991 8 2.5
991 234 3
991 216 4
991 13 3
991 121 2.5
991 84 3
991 207 4
991 251 2.5
991 249 3
991 250 2.5
991 219 3
991 254 2.5
991 9 4
991 7 4
991 246 4
991 206 3
991 257 2.5
991 247 2.5
991 235 2.5
991 205 3
991 239 3.5
992 278 4
992 286 4
992 1436 4
993 1 2.5
993 213 4
993 11 4
993 13 3
993 215 4
993 10 4
994 7 3
994 4 3.5
994 11 3.5
995 84 3.5
995 251 4
995 244 1
995 1 2
995 12 3
995 206 2.5
995 17 3.5
995 235 1.5
995 253 4
995 239 1
995 9 4
995 247 3
995 10 1
995 5 4
995 216 2.5
995 217 2
995 205 4
995 214 3
995 220 3
995 256 2.5
995 233 3.5
995 250 4
995 246 3
995 234 3
995 3 3.5
995 213 1
995 257 3
995 7 2
995 219 3.5
995 243 3
995 236 3.5
995 210 3
995 254 1.5
995 215 3
995 241 2.5
995 248 2.5
995 249 3
995 6 3.5
995 13 3
995 2 2
995 211 3
995 245 4
995 4 4
995 207 1.5
995 252 2.5
995 255 4
995 212 4
995 8 3.5
995 121 3.5
995 11 2.5
996 257 4
996 235 3.5
996 12 3.5
996 1 3.5
996 207 4
997 9 4
997 4 4
997 249 4
998 834 4
998 1769 4
998 472 1.5
998 159 1
998 56 4
998 631 1.5
998 569 1
998 1770 0.5
998 283 1.5
998 917 4
998 1771 4
998 59 4
998 1772 0.5
998 435 1.5
998 1773 1.5
998 1123 3.5
998 64 1.5
998 207 3
998 167 4
998 705 4
998 1249 0.5
998 1428 4
998 1774 4
998 1775 1.5
998 7 3
998 1776 4
998 1410 4
998 51 4
998 1068 4
998 1777 4
998 24 4
998 1778 1
998 1779 4
998 541 1.5
998 1780 4
998 1330 4
998 123 1
998 468 1
998 1781 4
998 189 4
999 13 2.5
999 217 2
999 215 3
999 213 3
999 205 2
999 689 4
999 251 3
999 216 2
999 17 4
999 1782 2.5
999 241 2.5
999 236 3.5
999 3 2.5
999 254 1.5
999 7 3
999 243 1.5
999 10 1.5
999 211 2.5
999 219 4
999 1783 3.5
999 1 2
999 235 1.5
999 1784 0.5
999 2 1.5
999 247 2
999 245 3
999 206 3
999 239 3
999 811 4
999 28 3.5
999 250 2.5
999 244 2.5
999 1785 0.5
999 207 1.5
999 717 3.5
999 234 3
999 12 3
999 943 0.5
999 253 2
999 220 2
1000 6 1
1000 11 2
1000 2 3
1000 4 2.5
1000 247 1.5
1000 8 1.5
1000 217 3
1000 239 2
1000 253 2.5
1000 243 1.5
1000 236 2.5
1000 206 0.5
1000 7 0.5
1000 251 2.5
1000 233 1.5
1000 257 1
1000 12 1
1000 207 2.5
1000 10 0.5
1000 5 1.5
1000 1 1
1000 215 1
1000 234 1
1000 211 2
1000 13 2
1000 235 1.5
1000 249 2
1000 250 2.5
1000 3 3.5
1000 256 1
1000 205 2
1000 213 2.5
1000 255 2.5
1000 214 2
1000 216 1
1000 84 3.5
1000 17 2.5
1000 252 2.5
1000 212 0.5
1000 246 1
1000 245 2
1000 9 1.5
1000 248 2.5
1000 254 1.5
1000 341 4
1000 220 3.5
1000 121 2.5
1000 241 3.5
1000 244 1
1000 210 1.5
1000 219 2
1001 219 2.5
1001 244 2
1001 11 1
1001 243 2.5
1001 235 1.5
1001 12 2
1001 3 2.5
1001 241 2
1001 234 0.5
1001 253 2
1001 214 2
1001 10 3
1001 210 1.5
1001 255 4
1001 17 1.5
1001 2 4
1001 213 1.5
1001 251 3.5
1001 212 3
1001 7 4
1001 9 3.5
1001 247 4
1001 254 2
1001 245 3
1001 84 3.5
1001 6 2.5
1001 13 3.5
1001 206 3
1001 249 4
1001 248 3
1001 215 3.5
1001 250 4
1001 1 3.5
1001 257 4
1001 211 1.5
1001 121 1
1001 233 3
1001 236 3.5
1001 252 2
1001 246 1.5
1001 216 1
1001 220 0.5
1001 8 3.5
1001 205 4
1001 256 2.5
1001 4 1
1001 5 2.5
1001 207 3
1001 239 1.5
1001 217 3.5
1002 279 3.5
1002 207 2
1002 250 2
1002 213 2
1002 409 3.5
1002 1786 3
1002 219 0.5
1002 254 1.5
1002 4 0.5
1002 7 4
1002 429 1
1002 205 1.5
1002 239 2
1002 589 3.5
1002 940 1
1002 1037 3.5
1002 17 0.5
1002 522 2.5
1002 233 1.5
1002 11 0.5
1002 341 4
1002 1445 3
1002 236 0.5
1002 1787 2
1002 318 4
1002 658 3.5
1002 1754 3.5
1002 12 2.5
1002 8 0.5
1003 5 2
1003 207 2.5
1003 256 2.5
1003 241 2
1003 211 2.5
1003 11 3
1003 219 2
1003 253 2.5
1003 4 3
1003 6 2.5
1003 233 1
1003 206 2
1003 250 2
1003 121 2
1003 244 2
1003 17 2
1003 7 3
1003 12 4
1003 234 2
1003 247 2.5
1003 220 2
1003 249 2.5
1003 239 2.5
1003 10 2
1003 212 2.5
1003 214 2.5
1003 9 3.5
1003 257 1.5
1003 210 2
1003 2 2.5
1003 3 2.5
1003 1 2
1003 251 2
1003 246 2
1003 236 2
1003 213 4
1003 235 1.5
1003 255 1.5
1003 216 2.5
1003 205 3
1003 252 2.5
1003 8 1.5
1003 248 3
1003 254 1.5
1003 13 3
1003 215 2
1003 243 2.5
1003 245 2.5
1003 84 3
1003 217 2.5
1004 214 1
1004 3 2.5
1004 213 4
1004 243 4
1004 236 3.5
1004 254 3.5
1004 215 2.5
1004 13 3.5
1004 219 3.5
1004 211 4
1004 255 4
1004 8 3.5
1004 11 2.5
1004 251 3.5
1004 12 3
1004 17 4
1004 1 2
1004 253 4
1004 10 1
1004 5 3.5
1005 241 3.5
1005 121 2.5
1005 215 3
1006 211 3
1006 254 3.5
1006 256 2.5
1006 207 3
1006 3 2.5
1006 8 3
1006 214 2.5
1006 252 2.5
1006 11 3.5
1006 91 4
1006 299 4
1006 213 3.5
1006 241 2.5
1006 13 3
1006 5 4
1006 206 2.5
1006 7 4
1006 257 2.5
1006 248 3
1006 10 3
1006 220 4
1006 215 3
1006 17 3
1006 2 2.5
1006 1551 4
1006 4 3.5
1006 235 3
1006 217 3
1006 210 2.5
1006 243 2.5
1006 253 2
1006 1 2.5
1006 236 2.5
1006 12 3
1006 9 3
1006 205 2.5
1006 121 2.5
1006 247 3
1006 216 2.5
1006 251 3.5
1006 255 3
1006 249 2.5
1006 6 3
1006 239 3
1006 250 3
1006 233 2.5
1006 84 3.5
1006 219 2.5
1006 244 2.5
1006 234 2.5
1006 1016 4
1006 212 2.5
1006 246 3
1006 245 3
1007 250 4
1007 7 2.5
1007 2 1.5
1007 215 3.5
1007 8 3
1007 235 1.5
1007 219 4
1007 11 4
1007 1 2.5
1007 4 3
1007 207 2
1007 12 1.5
1007 236 3.5
1008 8 4
1008 11 3
1008 215 3.5
1008 213 3.5
1008 13 4
1008 7 4
1008 17 3
1008 2 4
1008 4 3.5
1008 235 4
1008 217 4
1008 1 2.5
1008 205 4
1008 247 3
1008 251 4
1008 250 4
1008 219 4
1008 234 4
1008 207 4
1009 3 3.5
1009 17 4
1009 255 3.5
1009 215 4
1009 11 3.5
1009 220 3.5
1009 211 4
1009 4 3.5
1009 1 2
1009 13 2.5
1009 2 2
1009 233 3.5
1009 10 1
1009 8 4
1009 461 3
1010 7 3.5
1010 233 3
1010 638 4
1010 1 3
1010 257 3
1010 1302 4
1010 1666 4
1010 215 3
1010 205 3.5
1010 8 2.5
1010 977 4
1010 755 4
1010 12 2
1010 250 3.5
1010 207 3
1010 242 4
1010 253 3
1010 236 3.5
1010 434 4
1011 9 3.5
1011 241 2
1011 2 3
1011 847 4
1011 12 3
1011 236 4
1012 7 3.5
1012 11 4
1012 214 3.5
1012 2 3.5
1012 13 4
1012 10 4
1012 3 4
1012 213 3.5
1012 1 4
1012 219 4
1012 205 3.5
1012 215 4
1013 7 4
1013 213 2
1013 9 4
1013 13 3
1013 234 4
1013 207 3.5
1013 17 1.5
1013 3 3.5
1013 215 4
1013 1088 3
1014 214 2.5
1014 234 3
1014 212 1
1014 11 4
1014 1626 4
1014 10 2
1014 7 4
1014 219 3
1014 13 4
1014 1 1
1014 216 3
1014 416 4
1014 1482 4
1014 215 3
1014 213 3
1014 341 4
1014 252 3
1014 205 3.5
1014 217 2
1014 239 2.5
1014 3 3
1014 2 3.5
1015 247 4
1015 10 3
1015 7 3.5
1015 13 3.5
1015 1 3
1015 5 4
1015 216 4
1015 257 4
1015 4 3.5
1015 9 1.5
1015 17 3
1015 239 4
1015 8 4
1015 3 4
1015 2 2.5
1015 219 4
1015 12 3.5
1015 254 2
1015 207 3
1015 11 4
1015 236 1.5
1016 299 3.5
1017 1628 2
1017 343 2
1017 1627 3
1017 1630 3
1017 1601 3
1017 11 3
1017 215 1
1017 1536 1
1017 1274 2
1017 1504 1.5
1017 355 3
1017 235 2
1017 769 0.5
1017 604 1.5
1017 1629 2.5
1017 1626 1
1017 572 3
1017 518 3
1017 1788 2.5
1017 560 2
1017 1259 0.5
1018 1789 3.5
1018 781 3
1018 1790 4
1018 1791 4
1018 1539 4
1018 1265 2.5
1018 1587 1
1018 1200 3.5
1018 542 4
1018 1792 3.5
1018 1793 4
1018 1794 3
1018 752 3.5
1018 303 2.5
1018 845 2.5
1018 1795 3
1018 1796 4
1018 1264 2.5
1018 1797 3.5
1018 843 3.5
1018 219 3.5
1018 1798 3
1018 2 2
1018 669 4
1018 1799 3
1018 1800 3.5
1018 1801 3
1018 1802 4
1018 274 0.5
1018 787 2.5
1018 1261 3
1018 278 2.5
1018 1267 2.5
1018 8 2
1018 12 3.5
1018 800 4
1018 1803 3
1018 596 3.5
1018 236 3
1018 1804 3.5
1018 1805 3
1018 7 2.5
1019 197 4
1019 7 3.5
1019 1089 2.5
1019 1113 3
1019 304 3.5
1019 805 4
1019 1219 2.5
1019 1647 2.5
1019 1073 3
1019 213 1
1019 1107 2.5
1019 1115 3
1019 13 3
1019 1072 2
1019 494 2
1019 1095 1.5
1019 1079 2
1019 2 3
1019 8 2
1019 611 3.5
1019 347 3.5
1019 1085 3.5
1020 10 4
1021 11 1.5
1021 213 2.5
1021 13 4
1022 17 4
1022 11 3
1022 2 4
1022 245 4
1022 9 3.5
1022 217 3.5
1022 121 4
1022 206 4
1022 6 3.5
1022 4 3
1022 8 4
1022 239 3
1022 215 3.5
1022 7 4
1022 251 3.5
1022 213 3.5
1022 257 2.5
1022 207 4
1022 5 3.5
1022 1 3.5
1022 211 4
1022 13 4
1022 235 3
1022 3 4
1022 205 4
1022 254 4
1023 12 1.5
1023 4 3
1023 11 3.5
1023 2 3
1023 207 2.5
1024 213 3.5
1024 216 2.5
1024 121 2
1024 2 3
1024 3 1.5
1024 257 1
1024 1 3.5
1024 9 3
1024 212 0.5
1024 214 3.5
1024 235 2
1024 205 3.5
1024 247 3
1024 10 2.5
1024 239 1.5
1024 248 2.5
1024 12 3
1024 249 4
1024 243 2
1024 220 1.5
1024 11 3.5
1024 215 4
1024 250 4
1024 251 3.5
1024 84 2
1024 233 1.5
1024 241 3
1024 6 1.5
1024 17 1.5
1024 253 2
1024 254 4
1024 236 3
1024 206 2
1024 4 2.5
1024 13 3.5
1024 256 3.5
1025 257 3.5
1025 11 4
1026 12 3
1026 257 3
1026 11 4
1026 2 3.5
1027 236 4
1027 5 4
1027 17 4
1027 13 3.5
1027 213 4
1027 3 3
1027 11 3
1027 7 2.5
1027 4 3
1027 255 3.5
1027 8 4
1027 220 3
1027 2 4
1027 211 4
1027 215 3
1028 476 4
1028 17 2.5
1028 2 2
1028 236 4
1028 7 3
1028 235 2
1029 1279 4
1029 586 3
1029 297 4
1030 1 3.5
1030 5 1.5
1030 11 1.5
1030 12 2.5
1030 2 3.5
1030 969 4
1030 205 3.5
1030 235 3.5
1030 10 3
1030 7 1.5
1030 207 3
1031 11 2.5
1031 1640 1.5
1032 215 3.5
1033 832 0.5
1033 313 4
1033 1806 3.5
1033 533 4
1033 236 1
1033 1559 4
1034 808 3
1034 1807 4
1034 233 1.5
1034 441 0.5
1034 13 2.5
1034 563 4
1034 431 4
1034 1808 3
1034 434 3
1034 2 2.5
1034 1809 3
1034 1415 1
1034 217 4
1034 12 2.5
1034 1810 3
1034 1655 4
1034 10 2
1034 219 4
1034 205 2
1034 236 2
1034 1253 3
1034 7 1.5
1034 548 3
1034 8 3.5
1034 1811 3
1034 1592 2
1034 251 3.5
1034 206 4
1034 658 3
1034 211 4
1034 1091 4
1034 5 4
1034 102 4
1034 1103 4
1034 1812 3
1034 335 3.5
1034 1813 4
1034 1814 3
1034 1093 2.5
1034 399 4
1034 215 3.5
1034 1542 3
1034 207 0.5
1034 822 4
1034 1815 3.5
1034 427 3.5
1034 1816 4
1034 1817 3
1034 465 4
1034 84 3
1034 1818 3
1034 368 3
1034 255 2.5
1034 903 3
1034 213 3.5
1034 525 4
1034 242 4
1034 675 4
1034 1819 3
1034 247 2.5
1034 9 3
1034 234 4
1034 1820 4
1034 17 2.5
1034 303 3.5
1034 1821 3
1034 1298 3
1034 220 3.5
1034 1534 4
1034 250 4
1034 245 4
1034 42 3
1034 1822 3
1034 542 4
1034 1823 2.5
1034 6 2.5
1034 448 4
1034 241 3
1034 456 4
1034 1114 4
1034 1824 3
1034 1090 3.5
1034 216 4
1034 1825 3.5
1034 1 2
1034 863 3.5
1034 620 4
1034 1826 3
1034 214 4
1034 1119 4
1034 1827 3
1034 1828 3.5
1035 1 3
1035 11 3.5
1036 13 3.5
1036 2 3.5
1036 12 3.5
1036 10 3
1036 207 3.5
1036 215 3
1036 11 3.5
1036 213 3
1037 216 4
1037 8 3.5
1037 207 4
1037 7 4
1037 2 4
1037 1340 4
1037 11 4
1037 236 3.5
1038 13 2
1038 251 4
1038 243 2
1038 245 2
1038 236 4
1038 217 2
1038 213 3
1038 235 3
1038 216 4
1038 252 4
1038 205 3
1038 256 2
1038 241 3.5
1038 248 2.5
1038 215 3
1038 84 2.5
1038 4 2.5
1038 5 2
1038 6 2.5
1038 207 1.5
1038 121 3.5
1038 244 2.5
1038 7 3.5
1038 211 2
1038 234 3.5
1038 11 2.5
1038 219 4
1038 10 3.5
1038 253 3
1038 257 2
1038 233 1.5
1038 206 2
1038 250 4
1038 3 2.5
1038 17 3
1038 12 3
1038 220 2.5
1038 247 2
1038 246 2
1038 249 3
1038 239 2
1038 212 4
1038 9 3
1038 214 3
1038 255 2.5
1038 2 2.5
1038 210 2
1038 1 3
1038 8 2
1038 254 2.5
1039 804 4
1039 132 3.5
1039 377 3
1039 174 2.5
1039 135 1.5
1039 88 2
1039 657 2.5
1039 176 2
1039 477 2.5
1039 39 3
1039 129 2.5
1039 59 4
1039 103 3
1039 97 4
1039 476 4
1039 8 3
1039 106 2
1039 219 2.5
1039 1251 3
1039 215 2.5
1039 162 4
1039 798 4
1039 99 1
1039 127 3
1039 50 2.5
1039 188 3.5
1039 240 2.5
1039 1038 1.5
1039 795 3
1039 1257 1.5
1039 1829 1.5
1039 1100 3
1039 62 2
1039 1724 2
1039 63 0.5
1039 19 2
1039 762 2.5
1039 145 3
1039 78 2
1039 259 2.5
1039 927 2.5
1039 845 3
1039 1830 2.5
1039 9 3
1039 267 2.5
1039 280 1
1039 167 3.5
1039 44 3.5
1039 80 2
1039 90 2.5
1039 447 2
1039 1360 4
1039 137 2.5
1039 278 4
1039 45 2.5
1039 563 4
1039 203 1
1039 900 3.5
1039 431 3.5
1039 77 2.5
1039 360 3.5
1039 614 2.5
1039 166 0.5
1039 18 3
1039 108 3
1039 408 3
1039 184 0.5
1039 512 3
1039 95 4
1039 1017 2.5
1039 190 3
1039 1078 3
1039 534 3.5
1039 318 3.5
1039 16 3
1039 1559 3
1039 12 3
1039 165 3.5
1039 177 2.5
1039 743 0.5
1039 41 2.5
1039 919 2
1039 49 2.5
1039 839 1.5
1039 1562 2.5
1039 22 3.5
1039 5 3.5
1039 1452 2
1039 168 3
1039 112 3
1039 94 3
1039 1655 2.5
1039 363 2
1039 87 3
1039 387 2.5
1039 58 3
1039 1376 3.5
1039 2 3.5
1039 1831 3.5
1039 173 2
1039 518 3
1039 115 2.5
1039 254 2
1039 1072 3
1039 105 4
1039 1460 1
1039 110 3
1039 1010 2.5
1039 310 2.5
1039 1034 1.5
1039 542 3.5
1039 1369 3
1039 432 3
1039 182 3.5
1039 286 4
1039 1318 1.5
1039 14 1.5
1039 175 0.5
1039 207 3.5
1039 340 4
1039 218 4
1039 436 2.5
1039 1832 2
1039 880 2
1039 102 3
1039 48 3
1039 1491 2
1039 468 3.5
1039 599 1.5
1040 2 3.5
1040 235 3
1040 966 3.5
1040 236 4
1040 241 2.5
1040 1098 2.5
1040 207 3
1040 17 3
1040 1833 0.5
1040 1123 4
1040 781 3
1040 267 3.5
1040 307 4
1040 845 3
1040 787 3.5
1040 7 4
1040 8 3.5
1040 10 2
1041 951 0.5
1041 1548 4
1041 1513 4
1041 389 2.5
1041 1549 0.5
1041 268 4
1041 606 3.5
1041 743 3.5
1041 270 4
1041 968 4
1041 1545 4
1041 11 4
1041 293 4
1041 4 4
1041 1543 0.5
1041 207 4
1041 706 4
1041 1546 4
1041 274 4
1041 266 3
1041 589 4
1041 218 4
1041 438 3.5
1042 414 3.5
1042 1695 4
1042 805 3.5
1042 511 3
1042 874 3
1042 204 3
1042 1834 2.5
1042 501 4
1043 207 2
1043 7 3.5
1043 2 4
1044 7 4
1045 84 3
1045 17 2
1045 255 1
1045 213 2.5
1045 2 1
1045 217 3
1045 8 1.5
1045 13 1.5
1046 247 2
1046 10 1
1046 239 4
1046 248 2
1046 12 3
1046 249 1.5
1046 243 1.5
1046 220 2
1046 11 4
1046 215 4
1046 250 4
1046 251 3.5
1046 84 3.5
1046 252 2
1046 7 1
1046 233 3.5
1046 217 2.5
1046 241 1.5
1046 6 3
1046 17 4
1046 253 3
1046 254 2.5
1046 255 4
1046 236 3.5
1046 206 3
1046 4 3.5
1046 13 3
1046 207 3
1046 256 2.5
1046 219 3
1046 5 3.5
1046 8 4
1046 213 3.5
1046 216 1.5
1046 121 4
1046 234 4
1046 2 3.5
1046 3 1.5
1046 257 3.5
1046 1 1.5
1046 9 4
1046 211 4
1046 212 3
1046 244 3
1046 245 3.5
1046 214 4
1046 235 4
1046 246 4
1046 205 3
1046 210 2
1047 213 4
1047 216 3
1047 234 3
1047 2 4
1047 3 3
1047 10 4
1047 239 3.5
1047 1 3
1047 211 3
1047 212 3
1047 245 3
1047 214 3
1047 246 3
1047 205 3
1047 210 3
1047 17 3
1047 11 3
1047 215 4
1047 252 3
1047 7 3
1047 233 4
1047 217 3
1047 6 3
1047 255 3
1047 13 3
1047 207 3
1047 219 3
1047 5 3
1047 8 3
1048 10 2
1048 7 3.5
1048 239 3
1048 213 1
1048 220 3
1048 245 2.5
1048 13 2
1048 1 2
1048 12 3.5
1048 2 2.5
1048 219 3.5
1048 235 3
1048 207 2.5
1049 3 3.5
1049 1 3.5
1049 12 1.5
1049 5 3.5
1049 251 2.5
1049 236 3.5
1049 220 3.5
1049 235 3
1049 257 2.5
1049 17 3
1050 84 2.5
1050 252 2
1050 7 3
1050 206 2.5
1050 233 2.5
1050 217 2
1050 241 2
1050 253 2.5
1050 254 2
1050 255 3
1050 236 3
1050 4 3
1050 2 3.5
1050 13 2.5
1050 207 2.5
1050 256 2
1050 219 2.5
1050 5 3.5
1050 8 4
1050 213 2.5
1050 216 2.5
1050 234 2
1050 121 2
1050 3 2.5
1050 10 1.5
1050 257 1.5
1050 239 2.5
1050 243 1
1050 1 3
1050 9 3.5
1050 244 2
1050 211 3.5
1050 212 3
1050 245 2
1050 214 2
1050 235 2.5
1050 246 2
1050 205 2
1050 210 2
1050 247 2
1050 6 3.5
1050 248 2
1050 12 3.5
1050 249 2
1050 17 4
1050 220 2.5
1050 11 3.5
