1 1 2
1 2 4
1 3 3.5
1 4 3
1 5 4
1 6 3.5
1 7 3.5
1 8 3
1 9 2.5
1 10 4
1 11 4
1 12 4
2 13 2
3 14 0.5
3 15 1
3 16 4
3 17 3
3 18 4
3 19 4
3 20 2.5
3 21 1.5
3 22 2
3 23 3
3 24 4
3 25 1.5
3 26 1
3 27 4
3 28 3
3 29 3
3 30 4
3 31 3
3 32 2
3 33 2.5
3 34 3
3 35 4
3 36 2
3 37 2
3 38 2
3 39 4
3 40 4
3 41 4
3 42 0.5
3 43 4
3 44 4
3 45 2.5
3 46 1
3 47 2.5
3 48 4
3 49 3
3 50 4
3 51 0.5
3 52 4
3 53 4
3 54 4
3 55 2.5
3 56 2.5
3 57 0.5
3 58 4
3 59 4
3 60 4
3 61 0.5
3 62 4
3 63 1.5
3 64 4
3 65 0.5
3 66 4
3 67 4
3 6 0.5
3 68 4
3 69 3
3 70 2.5
3 71 4
3 72 2.5
3 73 0.5
3 74 2.5
3 75 3.5
3 76 0.5
3 77 3.5
3 78 4
3 79 2
3 80 2.5
3 81 2
3 82 3.5
3 83 2.5
3 84 3.5
3 85 3
3 86 3.5
3 87 3.5
3 88 2.5
3 89 0.5
3 90 3.5
3 91 1
3 92 2.5
3 93 1
3 94 4
3 95 3
3 96 4
3 97 4
3 98 2.5
3 99 3
3 100 0.5
3 101 3
3 102 4
3 103 4
3 104 2
3 105 3
3 106 3
3 107 4
3 108 0.5
3 109 3
3 110 4
3 111 4
3 112 3
3 113 1
3 114 4
3 115 4
3 116 1
3 117 4
3 118 4
3 119 2
3 120 2.5
3 121 2
3 122 2
3 123 3.5
3 124 3.5
3 125 2.5
3 126 4
3 127 0.5
3 128 0.5
3 129 4
3 130 2.5
3 131 2.5
3 132 4
3 133 3.5
3 134 2.5
3 135 3.5
3 136 4
3 137 1
3 138 1.5
3 139 3
3 140 2.5
3 141 4
3 142 4
3 143 1.5
3 144 4
3 145 4
3 146 1.5
3 147 4
3 148 3.5
3 149 3.5
3 150 2
3 10 3.5
3 151 4
3 152 3.5
3 153 2
3 154 1.5
3 155 4
3 156 1.5
3 157 1.5
3 158 4
3 159 1.5
3 160 3
3 161 4
3 162 4
3 163 3
3 164 3.5
3 165 3
3 166 4
3 167 4
3 168 4
3 169 3.5
3 170 2
3 171 1
3 172 0.5
3 173 2
3 174 4
3 175 1
3 176 3.5
3 177 2.5
3 178 4
3 179 2.5
3 180 2.5
3 181 4
3 182 3
3 183 2
3 184 1
3 185 2.5
3 186 3
