1051 213 3
1051 241 3.5
1051 5 4
1051 7 3.5
1051 206 4
1051 220 3
1051 520 4
1051 17 3
1051 2 4
1051 241 3.5
1051 1359 4
1051 236 3
1051 12 2.5
1051 9 3.5
1051 121 3
1051 216 3
1051 255 3.5
1051 234 3.5
1051 211 3.5
1052 206 2.5
1052 217 0.5
1052 9 3
1052 215 4
1052 213 2.5
1052 205 4
1052 255 3
1052 214 2.5
1052 245 1.5
1052 239 2.5
1052 234 1.5
1052 3 1.5
1052 2 3.5
1052 219 3.5
1052 212 4
1052 254 2.5
1052 11 2.5
1052 244 2
1052 10 4
1052 7 1.5
1052 13 4
1052 1 3.5
1052 5 3
1052 252 1
1052 216 4
1052 257 2.5
1053 10 4
1053 241 3
1053 12 3
1053 2 4
1053 4 4
1053 11 4
1053 13 4