0 72 2
0 136 2
0 150 3
0 171 3
0 188 3
0 220 3
0 227 5
0 228 4
0 234 3
0 235 4
0 236 4
0 246 2
0 247 4
0 248 4
0 250 2
0 251 5
0 252 3
0 259 3
0 266 4
0 269 4
0 273 3
0 278 3
0 281 3
0 298 4
1 46 3
1 70 1
1 84 1
1 124 1
1 159 1
1 174 1
1 201 1
1 215 1
1 217 1
1 220 3
1 223 1
1 225 4
1 233 5
1 236 2
1 247 3
1 249 3
1 251 2
1 252 4
1 253 1
1 262 2
1 275 2
1 285 1
1 292 1
1 296 1
2 138 1
2 155 3
2 162 2
2 164 1
2 165 3
2 169 5
2 176 2
2 185 2
2 206 1
2 222 1
2 228 1
2 236 5
2 240 5
2 244 3
2 248 2
2 251 1
2 252 3
2 255 1
2 256 2
2 265 3
2 266 1
2 268 2
2 272 3
2 281 2
3 114 4
3 153 2
3 180 1
3 181 1
3 186 5
3 187 2
3 201 1
3 202 1
3 203 3
3 219 2
3 222 1
3 226 1
3 227 4
3 237 1
3 249 2
3 252 3
3 263 3
3 268 2
3 270 4
3 276 3
3 282 4
3 290 5
3 293 2
3 296 4
4 99 2
4 102 3
4 110 2
4 157 4
4 169 5
4 180 4
4 185 5
4 222 4
4 226 2
4 230 3
4 237 3
4 240 3
4 242 4
4 246 5
4 247 3
4 249 4
4 250 2
4 251 2
4 252 5
4 255 1
4 273 4
4 274 4
4 284 1
4 289 3
5 65 1
5 109 2
5 143 3
5 203 2
5 226 2
5 241 3
5 243 4
5 244 2
5 246 3
5 248 4
5 250 1
5 251 2
5 253 3
5 254 2
5 255 1
5 256 3
5 257 4
5 258 2
5 260 3
5 282 2
5 293 4
5 295 4
5 296 2
5 297 4
6 108 1
6 144 2
6 175 3
6 197 2
6 202 1
6 210 2
6 221 3
6 222 1
6 223 2
6 236 4
6 237 1
6 247 3
6 248 3
6 250 2
6 251 2
6 253 2
6 256 1
6 262 3
6 265 3
6 282 1
6 289 1
6 291 3
6 295 4
6 298 3
7 158 1
7 159 3
7 166 1
7 168 2
7 193 2
7 196 3
7 222 1
7 225 1
7 240 1
7 242 1
7 252 2
7 253 1
7 259 1
7 261 3
7 262 1
7 267 4
7 268 1
7 274 1
7 281 2
7 283 4
7 289 2
7 293 1
7 297 3
7 298 1
8 109 1
8 150 1
8 159 2
8 166 1
8 170 1
8 173 2
8 174 1
8 176 1
8 201 1
8 203 2
8 204 3
8 210 4
8 215 1
8 228 4
8 231 3
8 242 3
8 243 4
8 247 1
8 250 1
8 253 4
8 256 2
8 257 5
8 275 1
8 298 1
9 26 1
9 146 1
9 171 1
9 172 5
9 177 1
9 178 1
9 192 3
9 200 4
9 205 4
9 206 5
9 209 1
9 212 3
9 227 5
9 228 5
9 235 2
9 246 3
9 247 2
9 248 1
9 249 4
9 251 5
9 253 3
9 259 4
9 278 5
9 290 4
10 28 1
10 105 1
10 131 1
10 147 1
10 166 5
10 168 1
10 170 3
10 229 3
10 232 1
10 242 3
10 243 3
10 246 2
10 247 4
10 248 1
10 249 5
10 250 1
10 253 1
10 254 1
10 262 3
10 264 2
10 271 1
10 274 2
10 287 4
10 288 5
11 18 4
11 66 2
11 76 2
11 77 1
11 226 2
11 227 4
11 228 4
11 229 5
11 230 4
11 231 3
11 241 4
11 244 5
11 246 5
11 247 4
11 248 2
11 249 4
11 250 3
11 251 4
11 253 3
11 255 1
11 256 3
11 258 1
11 259 2
11 260 3
12 11 3
12 40 3
12 119 3
12 150 2
12 159 2
12 161 3
12 167 1
12 183 1
12 193 4
12 203 3
12 212 3
12 224 3
12 226 1
12 227 3
12 239 3
12 248 4
12 252 4
12 259 2
12 273 2
12 279 4
12 288 2
12 290 2
12 297 1
12 298 2
13 1 3
13 5 1
13 7 3
13 17 3
13 30 3
13 31 3
13 39 1
13 40 2
13 51 2
13 94 1
13 101 3
13 103 4
13 138 5
13 150 1
13 157 1
13 159 3
13 166 5
13 169 2
13 173 4
13 176 5
13 198 3
13 205 3
13 238 4
13 286 3
14 26 2
14 144 1
14 152 1
14 156 2
14 159 1
14 170 3
14 197 4
14 198 3
14 205 2
14 207 2
14 219 3
14 225 4
14 237 3
14 251 2
14 253 1
14 255 3
14 256 2
14 260 2
14 264 2
14 265 2
14 278 3
14 291 2
14 293 3
14 296 5
15 121 2
15 152 2
15 163 1
15 170 3
15 176 1
15 189 1
15 191 2
15 192 2
15 194 2
15 197 1
15 199 5
15 213 1
15 217 3
15 230 1
15 232 1
15 240 1
15 244 2
15 246 1
15 264 1
15 270 4
15 273 5
15 292 4
15 296 1
15 298 4
16 158 3
16 159 1
16 162 1
16 175 1
16 185 1
16 187 4
16 215 1
16 220 1
16 221 5
16 226 1
16 227 2
16 228 1
16 231 3
16 233 4
16 250 1
16 252 5
16 253 1
16 254 1
16 259 1
16 263 3
16 275 3
16 280 3
16 282 1
16 285 1
17 151 1
17 153 3
17 154 2
17 177 3
17 185 1
17 192 2
17 194 3
17 204 2
17 205 3
17 207 3
17 213 3
17 224 5
17 230 3
17 235 2
17 238 3
17 242 3
17 245 5
17 249 2
17 253 3
17 261 2
17 266 3
17 272 4
17 294 1
17 299 3
18 23 1
18 154 1
18 166 3
18 171 3
18 172 3
18 175 4
18 176 2
18 180 2
18 183 1
18 194 4
18 216 1
18 225 1
18 237 2
18 247 3
18 249 2
18 257 5
18 258 3
18 259 3
18 273 2
18 280 4
18 284 1
18 287 2
18 297 5
18 298 2
19 98 1
19 150 1
19 159 1
19 161 3
19 163 1
19 167 2
19 168 1
19 173 5
19 193 5
19 213 1
19 214 4
19 227 2
19 246 4
19 248 3
19 249 4
19 253 4
19 254 1
19 263 2
19 264 2
19 273 2
19 279 3
19 290 1
19 297 4
19 298 2
20 12 2
20 16 1
20 35 1
20 48 2
20 72 2
20 73 4
20 101 1
20 102 4
20 108 1
20 132 1
20 145 1
20 159 1
20 160 1
20 161 4
20 168 4
20 176 2
20 179 5
20 183 1
20 206 1
20 211 1
20 214 1
20 241 4
20 269 2
20 280 3
21 40 2
21 67 3
21 121 3
21 155 4
21 156 5
21 226 2
21 228 5
21 229 4
21 230 5
21 233 3
21 237 4
21 238 4
21 241 2
21 244 2
21 246 4
21 248 2
21 249 3
21 251 5
21 253 3
21 254 3
21 255 4
21 258 3
21 260 5
21 292 3
22 48 4
22 69 3
22 113 3
22 123 4
22 150 2
22 154 2
22 175 1
22 187 2
22 195 3
22 198 2
22 220 4
22 230 4
22 231 5
22 233 5
22 239 1
22 247 5
22 248 1
22 249 4
22 250 1
22 252 5
22 253 3
22 262 4
22 288 5
22 298 4
23 84 1
23 150 1
23 156 1
23 159 1
23 163 1
23 174 5
23 189 4
23 195 1
23 202 1
23 203 1
23 204 2
23 205 1
23 215 1
23 218 2
23 228 2
23 233 4
23 238 1
23 246 1
23 249 3
23 250 1
23 252 1
23 286 5
23 295 2
23 296 1
24 73 5
24 123 2
24 226 4
24 227 4
24 229 5
24 230 4
24 232 2
24 236 4
24 237 4
24 238 4
24 239 1
24 241 3
24 242 4
24 248 4
24 253 4
24 255 2
24 258 4
24 262 3
24 263 3
24 270 4
24 284 2
24 286 4
24 289 2
24 290 4
25 21 1
25 47 1
25 71 1
25 156 2
25 160 1
25 165 3
25 171 2
25 185 1
25 189 3
25 199 5
25 208 3
25 223 1
25 237 5
25 239 1
25 240 2
25 241 3
25 242 3
25 251 3
25 259 1
25 260 4
25 264 1
25 271 3
25 283 1
25 287 3
26 4 3
26 29 2
26 48 4
26 63 5
26 75 2
26 97 2
26 103 2
26 130 2
26 136 3
26 140 1
26 146 2
26 152 4
26 163 2
26 166 3
26 168 4
26 213 3
26 242 2
26 250 1
26 252 5
26 259 2
26 275 3
26 284 1
26 285 2
26 290 5
27 68 3
27 81 1
27 129 3
27 150 3
27 155 3
27 157 1
27 182 2
27 184 2
27 191 1
27 197 4
27 199 5
27 217 2
27 218 4
27 226 1
27 242 3
27 248 3
27 251 3
27 252 3
27 259 1
27 273 5
27 278 2
27 284 1
27 294 1
27 299 1
28 150 1
28 154 3
28 159 1
28 170 1
28 187 2
28 188 2
28 195 4
28 197 1
28 216 1
28 218 5
28 226 1
28 227 1
28 236 2
28 237 2
28 239 1
28 242 1
28 246 2
28 249 2
28 251 1
28 273 1
28 290 1
28 292 1
28 293 3
28 298 1
29 145 1
29 154 3
29 158 3
29 160 3
29 172 3
29 175 2
29 201 1
29 208 2
29 211 1
29 214 2
29 221 3
29 226 1
29 233 5
29 237 1
29 238 2
29 240 4
29 247 1
29 267 4
29 273 4
29 274 2
29 275 4
29 277 1
29 278 2
29 294 2
30 10 2
30 150 4
30 152 2
30 153 4
30 158 5
30 189 4
30 214 2
30 216 3
30 217 4
30 219 3
30 224 4
30 247 4
30 249 5
30 250 3
30 252 5
30 253 5
30 256 3
30 257 5
30 263 3
30 271 1
30 279 5
30 285 3
30 288 3
30 295 5
31 50 2
31 167 3
31 177 3
31 178 4
31 210 5
31 219 4
31 222 3
31 223 4
31 229 2
31 235 1
31 237 1
31 248 3
31 249 3
31 250 1
31 254 3
31 264 4
31 265 4
31 269 1
31 274 1
31 278 4
31 281 1
31 289 1
31 290 3
31 291 5
32 44 1
32 66 1
32 77 1
32 128 1
32 157 4
32 161 1
32 167 3
32 168 1
32 199 3
32 202 1
32 203 1
32 226 1
32 229 5
32 239 1
32 246 5
32 247 1
32 248 4
32 249 3
32 252 4
32 253 3
32 254 1
32 264 1
32 284 1
32 288 1
33 63 2
33 170 2
33 226 2
33 231 5
33 234 1
33 236 2
33 237 1
33 238 2
33 243 4
33 244 1
33 246 2
33 248 4
33 251 1
33 252 2
33 256 4
33 260 2
33 261 1
33 267 3
33 276 1
33 277 2
33 289 1
33 291 3
33 294 3
33 298 1
34 39 1
34 81 1
34 184 2
34 201 3
34 229 4
34 235 5
34 236 2
34 238 3
34 241 3
34 242 3
34 248 2
34 249 3
34 252 5
34 253 2
34 254 2
34 257 4
34 262 4
34 263 3
34 266 3
34 272 2
34 276 2
34 280 2
34 286 2
34 287 4
35 61 1
35 67 4
35 144 4
35 181 3
35 182 3
35 226 1
35 227 5
35 229 2
35 232 1
35 233 2
35 235 4
35 236 5
35 237 4
35 238 3
35 241 3
35 244 2
35 247 4
35 248 2
35 250 1
35 252 5
35 253 4
35 258 2
35 259 1
35 260 5
36 56 1
36 65 1
36 175 2
36 186 1
36 203 5
36 206 5
36 207 1
36 208 1
36 211 2
36 245 5
36 246 5
36 250 1
36 253 2
36 257 5
36 261 2
36 266 5
36 269 5
36 271 2
36 272 5
36 274 2
36 291 5
36 292 5
36 294 5
36 295 5
37 99 2
37 137 1
37 150 1
37 154 1
37 157 1
37 168 1
37 175 5
37 188 1
37 199 3
37 220 1
37 228 2
37 231 3
37 235 1
37 237 3
37 238 1
37 242 1
37 246 2
37 251 3
37 274 1
37 284 1
37 285 3
37 292 2
37 295 2
37 298 1
38 35 1
38 125 1
38 224 4
38 226 2
38 228 3
38 230 2
38 232 3
38 233 4
38 234 3
38 235 3
38 241 3
38 242 2
38 244 3
38 247 2
38 248 4
38 253 3
38 259 2
38 263 3
38 271 3
38 282 4
38 283 3
38 285 4
38 290 3
38 295 3
39 157 1
39 166 5
39 223 1
39 231 5
39 235 4
39 237 1
39 238 2
39 244 5
39 255 1
39 257 3
39 264 2
39 265 2
39 266 5
39 269 5
39 271 1
39 272 5
39 276 3
39 278 5
39 279 5
39 280 5
39 281 1
39 287 5
39 291 4
39 292 4
40 46 4
40 155 4
40 159 3
40 167 1
40 172 3
40 176 3
40 184 3
40 194 3
40 199 3
40 210 2
40 228 5
40 235 4
40 243 3
40 245 3
40 248 2
40 249 4
40 250 4
40 254 1
40 259 2
40 264 2
40 271 4
40 278 2
40 286 4
40 287 4
41 151 1
41 158 1
41 161 3
41 164 3
41 168 4
41 179 4
41 183 3
41 214 4
41 221 4
41 224 5
41 232 3
41 243 1
41 246 3
41 249 1
41 250 1
41 254 4
41 257 2
41 262 1
41 271 2
41 276 3
41 280 4
41 281 1
41 287 3
41 299 3
42 45 1
42 167 3
42 171 3
42 173 4
42 174 4
42 179 1
42 190 1
42 192 1
42 200 3
42 209 3
42 226 2
42 240 5
42 244 4
42 250 1
42 256 1
42 261 1
42 262 4
42 267 4
42 272 1
42 273 2
42 288 5
42 289 1
42 290 1
42 297 5
43 153 2
43 223 1
43 226 2
43 234 3
43 235 3
43 236 4
43 237 5
43 242 3
43 249 2
43 250 4
43 257 2
43 261 1
43 263 1
43 269 3
43 270 2
43 271 1
43 272 3
43 273 4
43 279 3
43 285 3
43 287 3
43 288 3
43 291 1
43 294 4
44 22 3
44 80 1
44 91 1
44 130 1
44 174 5
44 175 1
44 187 4
44 191 5
44 195 2
44 197 5
44 226 1
44 233 2
44 239 1
44 246 2
44 247 2
44 248 1
44 249 3
44 251 1
44 252 4
44 253 2
44 268 3
44 288 4
44 294 1
44 295 5
45 50 1
45 86 1
45 135 1
45 159 1
45 161 3
45 178 2
45 189 1
45 191 4
45 193 5
45 196 4
45 200 4
45 203 2
45 213 2
45 218 3
45 229 1
45 235 2
45 246 2
45 249 3
45 251 1
45 272 2
45 281 1
45 286 1
45 290 2
45 292 2
46 60 2
46 81 2
46 101 3
46 126 3
46 155 4
46 157 3
46 165 2
46 167 3
46 168 2
46 184 4
46 199 4
46 205 3
46 226 4
46 227 3
46 246 3
46 248 2
46 249 2
46 250 3
46 251 3
46 252 3
46 253 2
46 268 3
46 284 2
46 299 4
47 2 3
47 18 4
47 65 3
47 72 4
47 152 4
47 156 3
47 170 2
47 171 3
47 201 1
47 223 4
47 237 1
47 244 3
47 250 2
47 255 1
47 260 3
47 265 3
47 267 2
47 269 3
47 278 4
47 279 2
47 281 3
47 283 3
47 284 1
47 290 4
48 57 1
48 68 3
48 157 3
48 158 5
48 167 1
48 179 4
48 221 3
48 224 5
48 234 5
48 235 1
48 246 1
48 247 2
48 248 3
48 249 1
48 251 2
48 252 2
48 253 5
48 256 1
48 265 2
48 266 1
48 279 3
48 282 3
48 284 1
48 291 5
49 154 1
49 155 2
49 158 1
49 163 1
49 164 3
49 172 2
49 176 4
49 177 3
49 186 2
49 187 1
49 198 5
49 199 3
49 200 3
49 212 1
49 215 4
49 238 4
49 244 5
49 258 2
49 259 3
49 264 5
49 271 1
49 280 3
49 292 4
49 298 3
50 5 1
50 54 1
50 56 1
50 58 1
50 64 1
50 76 1
50 77 1
50 105 1
50 124 1
50 131 1
50 140 1
50 150 2
50 152 2
50 179 2
50 204 2
50 206 2
50 213 3
50 221 2
50 222 1
50 230 1
50 267 4
50 282 3
50 294 1
50 296 3
51 30 1
51 58 3
51 75 5
51 120 5
51 153 3
51 155 5
51 161 3
51 167 2
51 179 2
51 187 1
51 189 3
51 193 5
51 200 5
51 224 3
51 226 1
51 229 5
51 247 5
51 248 1
51 249 3
51 253 2
51 254 2
51 258 5
51 273 4
51 298 2
52 43 2
52 180 1
52 226 1
52 228 5
52 229 5
52 232 1
52 235 2
52 236 2
52 240 1
52 241 1
52 249 1
52 256 4
52 258 1
52 260 4
52 263 5
52 264 2
52 276 4
52 284 1
52 290 4
52 291 2
52 292 4
52 294 1
52 295 2
52 297 5
53 3 3
53 12 2
53 21 1
53 22 1
53 25 1
53 28 2
53 83 4
53 84 2
53 92 2
53 105 1
53 110 1
53 116 4
53 158 2
53 176 1
53 192 4
53 193 5
53 219 1
53 223 2
53 225 4
53 226 1
53 254 4
53 259 1
53 268 4
53 278 1
54 154 1
54 155 4
54 159 4
54 161 4
54 170 3
54 195 4
54 196 3
54 197 4
54 203 4
54 209 3
54 210 3
54 217 4
54 223 3
54 227 4
54 229 4
54 230 2
54 256 2
54 270 2
54 272 3
54 273 5
54 285 2
54 290 4
54 293 5
54 298 4
55 19 1
55 151 5
55 154 1
55 174 2
55 182 5
55 186 2
55 201 1
55 208 3
55 213 2
55 223 1
55 228 4
55 241 5
55 244 2
55 246 5
55 250 2
55 252 4
55 254 1
55 255 1
55 260 4
55 261 1
55 269 3
55 277 5
55 279 3
55 282 4
56 0 3
56 49 2
56 88 3
56 101 4
56 120 4
56 136 2
56 155 3
56 165 2
56 167 2
56 174 5
56 181 1
56 183 2
56 184 2
56 199 4
56 217 4
56 223 3
56 233 1
56 252 4
56 268 3
56 276 4
56 284 1
56 288 4
56 297 5
56 299 3
57 133 1
57 160 2
57 167 4
57 173 5
57 190 4
57 191 2
57 193 5
57 198 4
57 205 2
57 209 3
57 218 2
57 226 2
57 227 2
57 238 3
57 239 1
57 243 2
57 244 5
57 245 3
57 250 3
57 267 5
57 278 5
57 284 3
57 287 2
57 291 2
58 0 2
58 33 1
58 71 3
58 88 3
58 120 3
58 121 2
58 136 3
58 195 1
58 210 2
58 223 1
58 228 4
58 229 4
58 233 1
58 247 3
58 250 1
58 252 5
58 253 2
58 262 4
58 274 1
58 285 5
58 288 5
58 289 2
58 290 3
58 291 3
59 82 1
59 155 5
59 159 1
59 168 1
59 176 3
59 198 2
59 199 1
59 207 1
59 216 1
59 217 1
59 228 2
59 232 1
59 249 1
59 250 5
59 252 4
59 253 3
59 264 1
59 269 1
59 270 1
59 273 5
59 283 1
59 286 3
59 288 1
59 289 1
60 26 2
60 28 1
60 34 4
60 67 4
60 72 1
60 115 2
60 124 1
60 127 1
60 128 1
60 140 2
60 174 4
60 178 3
60 189 3
60 219 4
60 229 3
60 256 4
60 264 4
60 272 3
60 284 1
60 286 3
60 290 2
60 292 2
60 298 2
60 299 1
61 103 1
61 175 5
61 178 1
61 201 1
61 213 4
61 232 1
61 233 5
61 234 1
61 248 1
61 249 3
61 251 1
61 254 1
61 261 1
61 264 1
61 265 2
61 266 1
61 268 1
61 270 1
61 278 4
61 280 1
61 290 2
61 291 3
61 292 2
61 296 5
62 151 1
62 161 3
62 168 5
62 175 1
62 181 1
62 183 1
62 191 3
62 204 3
62 217 3
62 224 1
62 229 3
62 233 3
62 237 2
62 239 1
62 246 5
62 249 3
62 250 1
62 252 5
62 254 1
62 257 4
62 264 5
62 273 2
62 286 1
62 291 4
63 1 1
63 47 1
63 125 2
63 143 3
63 157 4
63 165 3
63 184 5
63 187 4
63 188 4
63 195 1
63 199 5
63 218 5
63 220 3
63 224 1
63 226 5
63 244 1
63 247 5
63 248 4
63 250 4
63 251 5
63 253 4
63 263 5
63 280 1
63 292 4
64 150 1
64 153 3
64 155 4
64 159 1
64 173 4
64 178 1
64 179 1
64 200 4
64 213 1
64 225 1
64 228 4
64 229 3
64 235 4
64 237 3
64 241 3
64 254 1
64 262 3
64 263 3
64 268 1
64 283 1
64 284 1
64 285 1
64 289 1
64 297 5
65 158 1
65 161 3
65 179 3
65 183 4
65 186 3
65 192 1
65 196 3
65 200 2
65 203 1
65 208 3
65 211 1
65 214 4
65 229 1
65 230 1
65 231 4
65 244 5
65 247 1
65 255 1
65 267 5
65 268 4
65 269 1
65 284 1
65 286 1
65 295 4
66 155 5
66 157 5
66 158 3
66 169 3
66 174 4
66 180 2
66 194 3
66 197 5
66 199 5
66 202 2
66 209 4
66 211 4
66 220 2
66 224 1
66 231 4
66 233 3
66 236 5
66 255 1
66 265 2
66 275 4
66 278 2
66 279 3
66 282 2
66 294 4
67 35 1
67 125 1
67 155 2
67 159 2
67 161 2
67 168 2
67 187 1
67 195 1
67 200 3
67 208 2
67 213 1
67 226 2
67 229 2
67 246 3
67 247 2
67 249 3
67 250 3
67 251 1
67 252 5
67 253 2
67 264 2
67 279 4
67 290 1
67 299 1
68 59 2
68 72 3
68 75 4
68 83 2
68 144 3
68 154 2
68 175 4
68 188 3
68 198 4
68 244 5
68 246 4
68 247 3
68 248 3
68 249 4
68 250 4
68 251 2
68 252 4
68 253 4
68 254 1
68 256 1
68 258 2
68 259 3
68 260 3
68 267 5
69 6 2
69 30 1
69 162 3
69 177 1
69 178 1
69 197 1
69 200 1
69 206 3
69 212 1
69 224 1
69 234 1
69 247 1
69 248 1
69 249 3
69 251 5
69 256 1
69 257 1
69 263 1
69 269 4
69 280 1
69 290 1
69 291 2
69 292 5
69 295 2
70 78 3
70 109 1
70 146 2
70 156 3
70 226 4
70 228 2
70 229 2
70 230 1
70 231 5
70 241 4
70 243 2
70 247 2
70 249 4
70 250 5
70 251 3
70 252 5
70 253 1
70 255 1
70 256 4
70 258 2
70 259 1
70 260 4
70 270 4
70 299 5
71 13 2
71 42 4
71 47 1
71 48 1
71 74 1
71 83 1
71 96 1
71 102 1
71 104 3
71 111 1
71 117 2
71 142 5
71 145 1
71 159 5
71 165 5
71 197 1
71 199 5
71 212 4
71 216 5
71 218 5
71 247 5
71 252 5
71 254 1
71 295 5
72 58 1
72 129 1
72 131 1
72 162 3
72 175 2
72 178 1
72 192 1
72 206 1
72 217 1
72 220 4
72 226 1
72 231 1
72 233 3
72 234 1
72 236 4
72 239 1
72 246 5
72 248 2
72 257 1
72 282 4
72 285 1
72 293 1
72 294 1
72 295 3
73 18 4
73 62 3
73 151 3
73 152 1
73 154 1
73 155 4
73 182 2
73 199 4
73 220 3
73 224 2
73 227 5
73 232 1
73 234 2
73 235 2
73 248 2
73 250 2
73 253 1
73 254 3
73 257 3
73 263 2
73 264 3
73 266 1
73 280 1
73 286 1
74 41 1
74 155 5
74 156 1
74 167 1
74 168 2
74 171 2
74 173 1
74 179 1
74 200 5
74 203 1
74 212 3
74 225 2
74 226 1
74 227 2
74 229 1
74 253 1
74 254 2
74 255 1
74 256 3
74 257 4
74 259 1
74 264 3
74 270 1
74 273 5
75 18 2
75 62 4
75 150 2
75 166 2
75 168 2
75 187 4
75 201 4
75 202 2
75 223 2
75 225 1
75 237 5
75 244 3
75 246 3
75 247 3
75 251 1
75 252 4
75 253 1
75 254 1
75 255 2
75 256 2
75 261 2
75 289 2
75 295 2
75 296 4
76 1 2
76 7 1
76 12 3
76 27 1
76 37 2
76 43 1
76 48 1
76 52 2
76 64 2
76 109 1
76 147 2
76 148 1
76 155 1
76 162 2
76 165 1
76 175 5
76 198 1
76 211 1
76 218 1
76 232 1
76 250 5
76 257 1
76 270 1
76 282 2
77 31 1
77 150 3
77 153 2
77 167 1
77 180 1
77 188 4
77 193 3
77 224 2
77 226 1
77 229 2
77 236 3
77 239 1
77 246 2
77 247 4
77 249 4
77 251 1
77 252 4
77 253 1
77 255 4
77 258 1
77 263 1
77 268 2
77 279 5
77 298 3
78 24 1
78 29 1
78 157 1
78 167 5
78 168 2
78 184 4
78 187 3
78 218 1
78 224 1
78 232 2
78 234 1
78 236 4
78 239 2
78 241 1
78 246 2
78 247 1
78 249 1
78 254 1
78 257 1
78 258 1
78 271 1
78 280 1
78 284 1
78 293 1
79 13 5
79 47 3
79 74 5
79 151 3
79 174 5
79 182 4
79 183 5
79 217 5
79 224 4
79 229 5
79 232 4
79 243 4
79 246 3
79 249 4
79 250 2
79 252 5
79 253 4
79 254 4
79 259 4
79 264 5
79 276 3
79 287 5
79 288 4
79 299 4
80 79 1
80 224 5
80 227 2
80 232 2
80 233 1
80 236 3
80 242 1
80 246 3
80 249 3
80 251 2
80 254 4
80 260 1
80 265 3
80 269 2
80 270 1
80 277 2
80 279 3
80 281 1
80 286 1
80 287 2
80 291 4
80 293 3
80 294 2
80 298 1
81 77 3
81 82 2
81 151 4
81 154 2
81 158 3
81 160 3
81 165 4
81 167 2
81 182 5
81 184 3
81 191 5
81 199 4
81 218 4
81 238 3
81 239 4
81 242 5
81 247 5
81 248 3
81 249 5
81 250 1
81 251 5
81 252 5
81 267 4
81 284 4
82 23 2
82 122 1
82 150 4
82 157 3
82 167 1
82 184 2
82 197 2
82 199 2
82 224 1
82 226 2
82 227 1
82 229 3
82 242 2
82 244 3
82 247 2
82 248 1
82 250 5
82 252 3
82 253 1
82 254 1
82 263 1
82 274 2
82 284 3
82 298 2
83 15 2
83 31 1
83 123 1
83 135 1
83 164 4
83 165 2
83 166 3
83 172 4
83 180 4
83 194 5
83 206 3
83 214 3
83 221 4
83 233 3
83 234 3
83 246 4
83 248 3
83 255 1
83 256 2
83 257 4
83 268 4
83 274 1
83 295 4
83 298 3
84 150 3
84 154 3
84 168 3
84 174 4
84 175 4
84 190 2
84 197 2
84 202 1
84 214 4
84 218 2
84 219 3
84 223 3
84 229 3
84 233 4
84 234 3
84 243 3
84 246 3
84 254 4
84 258 1
84 261 1
84 262 3
84 267 4
84 272 3
84 294 4
85 35 1
85 49 3
85 125 1
85 133 3
85 149 4
85 150 5
85 155 4
85 156 1
85 161 2
85 164 3
85 165 3
85 184 2
85 197 4
85 199 5
85 211 1
85 219 1
85 232 1
85 239 1
85 248 1
85 252 3
85 253 4
85 264 3
85 271 1
85 283 1
86 55 1
86 100 1
86 132 1
86 187 3
86 194 4
86 224 3
86 227 5
86 228 5
86 229 1
86 231 5
86 237 4
86 242 2
86 243 3
86 244 4
86 246 2
86 248 3
86 250 4
86 252 4
86 255 1
86 258 1
86 259 1
86 262 5
86 284 1
86 285 3
87 158 4
87 169 4
87 178 3
87 180 3
87 182 3
87 183 1
87 186 1
87 195 1
87 199 3
87 219 2
87 241 3
87 247 2
87 249 3
87 258 1
87 263 3
87 266 3
87 267 3
87 278 2
87 279 5
87 284 4
87 285 1
87 289 2
87 296 3
87 297 4
88 26 1
88 58 1
88 78 1
88 101 1
88 108 1
88 147 1
88 152 4
88 158 2
88 167 1
88 182 5
88 209 1
88 210 5
88 212 4
88 213 2
88 217 5
88 223 3
88 226 1
88 231 2
88 248 2
88 257 4
88 261 3
88 275 1
88 286 4
88 297 5
89 15 2
89 21 3
89 78 3
89 81 1
89 90 2
89 91 1
89 99 3
89 101 1
89 108 2
89 111 1
89 129 4
89 133 3
89 146 2
89 155 3
89 187 4
89 212 4
89 218 1
89 231 5
89 232 2
89 235 3
89 250 2
89 290 3
89 291 4
89 296 1
90 82 1
90 129 1
90 150 2
90 153 3
90 159 3
90 167 1
90 178 3
90 193 3
90 200 2
90 203 2
90 212 3
90 213 2
90 224 4
90 226 2
90 229 2
90 230 1
90 239 2
90 249 5
90 251 1
90 253 1
90 268 1
90 272 2
90 279 4
90 288 5
91 33 3
91 88 2
91 99 4
91 110 1
91 119 3
91 139 1
91 149 1
91 162 4
91 164 3
91 167 1
91 178 5
91 179 1
91 197 1
91 206 2
91 212 5
91 219 5
91 227 4
91 228 3
91 229 3
91 247 3
91 259 2
91 273 1
91 282 1
91 297 3
92 13 1
92 34 1
92 100 1
92 175 1
92 224 1
92 227 3
92 228 4
92 230 1
92 232 1
92 234 1
92 235 3
92 237 1
92 238 1
92 240 1
92 247 2
92 257 1
92 260 5
92 262 2
92 266 3
92 283 1
92 290 3
92 292 4
92 294 1
92 296 5
93 6 2
93 52 1
93 155 4
93 157 3
93 165 3
93 167 3
93 175 1
93 187 2
93 188 3
93 195 1
93 206 1
93 220 2
93 223 3
93 233 3
93 246 5
93 248 2
93 249 4
93 251 1
93 252 4
93 253 1
93 262 3
93 268 3
93 284 1
93 288 3
94 14 1
94 15 1
94 101 1
94 159 1
94 170 4
94 173 5
94 178 1
94 201 3
94 204 1
94 209 1
94 211 2
94 213 1
94 215 1
94 219 1
94 231 2
94 236 3
94 247 1
94 249 3
94 285 1
94 290 1
94 292 3
94 293 2
94 295 2
94 296 3
95 2 1
95 8 1
95 27 1
95 31 1
95 58 1
95 79 2
95 86 1
95 115 1
95 125 1
95 139 1
95 174 4
95 186 4
95 223 3
95 227 5
95 228 2
95 233 3
95 235 4
95 247 4
95 252 5
95 255 2
95 259 1
95 262 1
95 278 4
95 288 5
96 54 1
96 106 3
96 172 3
96 177 3
96 188 3
96 192 2
96 195 3
96 233 5
96 239 2
96 240 4
96 246 5
96 247 3
96 248 1
96 249 3
96 250 3
96 252 5
96 254 1
96 256 3
96 257 3
96 258 1
96 259 2
96 260 3
96 262 5
96 269 1
97 14 1
97 18 1
97 31 1
97 36 1
97 68 1
97 79 1
97 92 1
97 95 1
97 98 1
97 195 1
97 224 3
97 227 2
97 229 2
97 230 3
97 231 1
97 233 5
97 237 4
97 241 3
97 247 1
97 251 2
97 252 4
97 254 2
97 257 3
97 260 1
98 36 1
98 174 1
98 189 3
98 191 5
98 217 3
98 229 1
98 231 1
98 234 1
98 235 1
98 237 3
98 241 3
98 244 1
98 246 1
98 248 1
98 250 1
98 256 1
98 260 1
98 262 1
98 264 3
98 265 1
98 280 1
98 290 3
98 291 1
98 295 1
99 119 3
99 156 3
99 162 3
99 163 3
99 164 4
99 173 4
99 188 3
99 201 3
99 203 4
99 207 3
99 211 2
99 213 5
99 214 4
99 219 3
99 220 3
99 226 2
99 246 3
99 248 3
99 251 3
99 256 3
99 263 3
99 268 3
99 275 2
99 291 3
100 91 3
100 116 3
100 141 1
100 142 1
100 150 1
100 159 3
100 165 1
100 168 2
100 170 1
100 174 1
100 179 1
100 185 1
100 186 1
100 191 5
100 201 1
100 209 1
100 225 1
100 231 4
100 247 3
100 259 1
100 268 3
100 288 2
100 297 3
100 298 2
101 2 4
101 77 3
101 112 4
101 162 3
101 174 4
101 178 4
101 183 2
101 187 4
101 188 3
101 192 3
101 198 4
101 200 4
101 206 2
101 212 4
101 223 4
101 233 4
101 246 4
101 247 3
101 251 3
101 252 4
101 267 4
101 277 3
101 288 2
101 290 3
102 46 1
102 66 1
102 122 2
102 133 1
102 224 2
102 226 1
102 228 1
102 229 2
102 232 1
102 234 1
102 236 3
102 237 3
102 241 3
102 250 5
102 251 3
102 252 3
102 253 1
102 254 1
102 255 1
102 256 2
102 257 3
102 259 1
102 283 1
102 284 1
103 36 3
103 155 4
103 157 5
103 171 5
103 175 2
103 179 1
103 184 4
103 197 5
103 218 5
103 226 1
103 227 5
103 244 3
103 247 5
103 248 1
103 250 2
103 251 5
103 252 4
103 253 3
103 259 4
103 266 5
103 268 3
103 284 1
103 293 3
103 294 2
104 12 1
104 20 2
104 23 2
104 25 1
104 67 3
104 79 1
104 87 1
104 93 3
104 119 2
104 138 2
104 140 2
104 186 2
104 209 2
104 226 1
104 227 5
104 248 2
104 250 2
104 251 4
104 257 2
104 258 1
104 259 3
104 260 4
104 273 2
104 282 1
105 143 4
105 150 4
105 151 1
105 165 5
105 167 2
105 180 4
105 194 3
105 224 1
105 226 3
105 230 1
105 242 1
105 244 1
105 251 1
105 253 2
105 256 1
105 259 1
105 275 5
105 277 3
105 281 1
105 282 1
105 294 4
105 296 4
105 297 3
105 298 4
106 118 2
106 131 1
106 150 4
106 162 2
106 171 2
106 177 1
106 178 4
106 192 3
106 200 4
106 206 2
106 212 4
106 235 2
106 237 5
106 242 2
106 246 5
106 248 5
106 249 5
106 251 3
106 259 2
106 269 2
106 273 4
106 274 3
106 277 3
106 298 2
107 67 1
107 72 1
107 224 1
107 227 2
107 230 1
107 231 1
107 233 1
107 236 1
107 238 2
107 239 1
107 242 1
107 243 4
107 246 3
107 247 3
107 254 1
107 258 1
107 260 5
107 263 4
107 264 3
107 266 2
107 267 3
107 285 1
107 295 4
107 298 1
108 8 1
108 17 1
108 171 1
108 187 1
108 195 1
108 198 3
108 220 1
108 227 2
108 228 1
108 232 1
108 233 3
108 246 2
108 250 1
108 251 1
108 254 1
108 258 1
108 259 1
108 264 1
108 265 1
108 267 5
108 268 2
108 287 1
108 295 3
108 297 1
109 15 3
109 35 3
109 41 3
109 43 4
109 47 4
109 75 3
109 93 4
109 103 3
109 105 3
109 123 3
109 126 3
109 142 4
109 143 4
109 165 4
109 178 2
109 183 3
109 203 2
109 213 5
109 225 4
109 242 4
109 252 4
109 266 3
109 278 4
109 292 3
110 0 4
110 106 1
110 207 3
110 226 1
110 227 4
110 228 4
110 229 3
110 230 4
110 231 5
110 243 4
110 249 5
110 250 2
110 251 4
110 252 3
110 253 4
110 254 3
110 255 1
110 256 5
110 257 1
110 258 3
110 259 5
110 261 4
110 262 3
110 291 3
111 23 1
111 92 3
111 99 2
111 115 1
111 127 1
111 150 2
111 154 1
111 155 2
111 170 1
111 175 1
111 180 1
111 199 2
111 237 2
111 239 1
111 240 3
111 242 3
111 250 1
111 251 3
111 256 3
111 263 3
111 267 5
111 284 1
111 289 1
111 291 2
112 105 1
112 191 3
112 195 3
112 201 1
112 214 3
112 215 1
112 221 2
112 223 3
112 226 1
112 232 1
112 233 5
112 238 3
112 241 4
112 242 1
112 252 5
112 265 1
112 266 3
112 268 2
112 277 2
112 279 5
112 280 1
112 289 1
112 295 4
112 296 5
113 163 1
113 165 1
113 173 4
113 180 1
113 184 1
113 196 1
113 199 1
113 205 1
113 209 1
113 212 4
113 217 1
113 220 5
113 222 1
113 223 3
113 228 1
113 233 4
113 234 5
113 243 1
113 250 1
113 258 1
113 284 1
113 289 1
113 291 3
113 292 1
114 157 1
114 169 3
114 170 1
114 171 1
114 173 3
114 181 2
114 183 1
114 193 5
114 204 1
114 216 1
114 227 2
114 229 2
114 230 1
114 231 2
114 242 1
114 249 2
114 262 4
114 270 1
114 271 1
114 274 2
114 279 5
114 283 1
114 285 1
114 299 1
115 59 3
115 110 2
115 138 5
115 145 3
115 148 3
115 153 3
115 158 3
115 179 3
115 193 4
115 214 3
115 217 2
115 221 3
115 234 3
115 241 2
115 246 3
115 247 2
115 248 4
115 249 4
115 250 2
115 253 2
115 256 5
115 263 4
115 280 3
115 282 2
116 32 4
116 45 2
116 89 3
116 153 5
116 178 4
116 187 4
116 193 5
116 224 5
116 226 2
116 227 5
116 229 3
116 244 2
116 248 5
116 249 4
116 250 2
116 253 3
116 255 1
116 257 5
116 258 1
116 259 3
116 260 3
116 263 5
116 273 3
116 279 4
117 0 4
117 8 2
117 18 4
117 19 4
117 24 2
117 48 2
117 67 3
117 76 1
117 100 3
117 121 3
117 123 1
117 158 3
117 189 2
117 200 5
117 213 5
117 224 4
117 229 3
117 234 2
117 236 3
117 243 3
117 282 3
117 284 2
117 287 2
117 298 4
118 30 1
118 33 1
118 52 1
118 101 1
118 174 4
118 187 3
118 229 1
118 230 1
118 231 1
118 232 1
118 235 1
118 236 3
118 238 2
118 239 1
118 241 1
118 243 2
118 248 1
118 250 3
118 252 3
118 255 1
118 258 1
118 260 1
118 276 1
118 288 3
119 46 3
119 56 1
119 66 2
119 156 2
119 160 4
119 164 1
119 166 3
119 183 1
119 229 2
119 243 3
119 246 4
119 248 4
119 249 2
119 250 1
119 252 4
119 254 1
119 264 1
119 270 2
119 272 4
119 281 1
119 283 1
119 287 1
119 297 4
119 299 4
120 75 1
120 151 2
120 173 1
120 176 1
120 189 1
120 206 1
120 208 4
120 224 1
120 227 5
120 234 1
120 239 1
120 241 2
120 247 4
120 249 1
120 252 5
120 254 1
120 257 1
120 258 1
120 270 1
120 281 1
120 283 1
120 288 5
120 290 3
120 297 5
121 72 1
121 81 1
121 150 1
121 155 1
121 178 1
121 187 1
121 188 3
121 193 4
121 196 1
121 213 1
121 223 1
121 224 3
121 227 1
121 237 1
121 244 1
121 246 1
121 252 2
121 256 1
121 263 2
121 264 3
121 278 1
121 282 4
121 288 1
121 290 1
122 95 1
122 161 4
122 162 4
122 164 4
122 173 2
122 177 5
122 190 4
122 191 3
122 196 1
122 201 1
122 203 4
122 215 1
122 216 1
122 223 3
122 253 1
122 257 5
122 264 4
122 271 3
122 272 5
122 275 1
122 285 2
122 295 3
122 297 4
122 299 4
123 153 1
123 155 1
123 158 2
123 159 2
123 160 1
123 167 1
123 170 2
123 201 2
123 211 1
123 213 5
123 224 2
123 233 5
123 234 2
123 253 2
123 254 2
123 256 3
123 262 5
123 268 2
123 280 3
123 284 1
123 287 3
123 288 4
123 292 3
123 294 1
124 151 3
124 152 2
124 161 3
124 166 2
124 176 1
124 181 2
124 190 2
124 195 1
124 196 2
124 198 1
124 203 3
124 207 4
124 210 5
124 216 3
124 217 1
124 232 1
124 243 5
124 245 5
124 254 4
124 261 1
124 264 2
124 271 5
124 286 1
124 297 2
125 55 1
125 65 1
125 154 1
125 156 2
125 167 3
125 177 2
125 182 1
125 187 4
125 200 3
125 202 1
125 205 2
125 207 4
125 215 1
125 232 1
125 244 5
125 257 2
125 264 2
125 265 1
125 268 3
125 273 4
125 281 3
125 284 1
125 286 3
125 292 5
126 0 3
126 18 4
126 54 4
126 96 5
126 97 4
126 99 3
126 100 5
126 101 4
126 102 4
126 105 5
126 148 3
126 176 2
126 224 4
126 240 5
126 242 4
126 247 5
126 248 5
126 249 3
126 252 4
126 253 3
126 262 5
126 263 3
126 280 4
126 283 5
127 55 3
127 166 3
127 169 1
127 201 5
127 225 4
127 228 2
127 231 4
127 235 2
127 237 4
127 238 3
127 241 3
127 244 2
127 250 3
127 253 4
127 260 2
127 264 4
127 269 2
127 278 3
127 281 2
127 283 3
127 284 2
127 285 3
127 290 2
127 294 2
128 12 2
128 18 3
128 24 4
128 27 1
128 49 3
128 51 4
128 54 3
128 58 1
128 74 4
128 77 2
128 78 3
128 86 1
128 87 5
128 98 4
128 99 2
128 102 3
128 115 2
128 129 2
128 133 4
128 139 1
128 141 2
128 144 4
128 149 1
128 210 3
129 7 2
129 25 2
129 27 1
129 49 3
129 56 2
129 59 2
129 66 2
129 71 4
129 74 3
129 77 2
129 89 1
129 96 3
129 97 4
129 99 3
129 100 2
129 102 3
129 103 4
129 125 3
129 129 5
129 132 2
129 137 3
129 143 1
129 144 1
129 146 4
130 0 4
130 27 1
130 37 3
130 49 5
130 58 2
130 71 4
130 78 3
130 80 4
130 86 2
130 87 4
130 96 4
130 97 2
130 99 3
130 100 4
130 101 3
130 115 2
130 117 3
130 120 4
130 121 3
130 129 2
130 133 5
130 138 3
130 144 3
130 205 4
131 6 3
131 7 1
131 8 3
131 14 1
131 31 1
131 59 1
131 62 5
131 76 2
131 83 2
131 89 1
131 96 2
131 97 1
131 99 3
131 102 1
131 107 3
131 109 2
131 110 1
131 113 1
131 114 4
131 116 1
131 123 1
131 144 2
131 146 4
131 153 1
132 0 3
132 4 5
132 10 2
132 32 3
132 49 4
132 58 1
132 68 5
132 90 4
132 96 2
132 97 2
132 98 3
132 99 4
132 100 3
132 101 4
132 102 5
132 103 4
132 117 2
132 118 4
132 120 5
132 133 5
132 141 5
132 149 4
132 229 1
132 286 1
133 49 3
133 71 3
133 77 3
133 80 3
133 85 4
133 87 3
133 93 4
133 96 3
133 97 3
133 98 3
133 99 4
133 100 2
133 101 4
133 102 3
133 112 4
133 113 4
133 120 3
133 121 3
133 136 3
133 145 4
133 148 3
133 186 3
133 222 2
133 299 2
134 0 4
134 29 1
134 33 4
134 71 4
134 88 2
134 90 3
134 91 3
134 96 3
134 97 2
134 98 3
134 100 2
134 102 2
134 112 5
134 119 1
134 120 4
134 121 4
134 136 4
134 137 3
134 141 4
134 142 5
134 149 1
134 169 1
134 219 3
134 226 2
135 0 4
135 36 3
135 78 5
135 79 1
135 82 1
135 83 2
135 84 3
135 85 4
135 87 2
135 89 1
135 94 1
135 96 4
135 97 2
135 99 5
135 105 5
135 108 4
135 109 1
135 112 4
135 113 3
135 114 4
135 129 5
135 142 5
135 192 2
135 282 4
136 29 2
136 79 1
136 89 3
136 93 2
136 96 1
136 97 4
136 98 1
136 99 4
136 100 3
136 101 2
136 102 3
136 112 3
136 114 4
136 129 4
136 133 2
136 134 3
136 143 3
136 144 2
136 145 4
136 146 3
136 148 3
136 159 4
136 188 5
136 206 4
137 0 3
137 19 2
137 32 1
137 33 2
137 37 2
137 66 1
137 68 5
137 71 2
137 78 3
137 80 3
137 81 1
137 91 1
137 93 1
137 100 2
137 111 1
137 112 1
137 121 3
137 122 3
137 123 1
137 131 1
137 141 5
137 142 3
137 143 1
137 149 4
138 32 1
138 38 1
138 39 1
138 48 1
138 61 1
138 75 1
138 79 4
138 82 1
138 83 1
138 84 1
138 85 1
138 87 4
138 90 1
138 91 1
138 94 1
138 101 2
138 104 1
138 107 1
138 112 1
138 118 1
138 126 2
138 127 1
138 130 1
138 137 1
139 1 3
139 11 1
139 13 3
139 15 2
139 43 2
139 52 2
139 55 2
139 73 3
139 74 4
139 77 2
139 82 4
139 96 2
139 98 3
139 99 4
139 100 3
139 101 3
139 103 3
139 110 3
139 123 4
139 147 4
139 166 1
139 172 1
139 238 2
139 255 1
140 0 4
140 18 3
140 19 3
140 21 5
140 25 2
140 49 4
140 50 4
140 54 5
140 66 4
140 71 4
140 80 4
140 88 3
140 96 4
140 97 4
140 99 4
140 100 3
140 101 3
140 117 3
140 120 5
140 121 4
140 131 4
140 132 5
140 137 4
140 235 1
141 7 3
141 13 3
141 15 1
141 16 5
141 21 3
141 26 2
141 30 1
141 43 3
141 53 3
141 57 2
141 63 4
141 67 4
141 75 4
141 86 2
141 89 3
141 97 2
141 102 4
141 106 3
141 108 3
141 124 1
141 131 3
141 147 3
141 148 4
141 149 4
142 7 3
142 25 2
142 34 2
142 41 4
142 43 4
142 51 4
142 67 4
142 80 2
142 83 4
142 90 4
142 96 3
142 98 5
142 116 4
142 126 4
142 130 5
142 133 2
142 134 2
142 138 4
142 146 3
142 174 1
142 224 1
142 241 1
142 261 1
142 280 1
143 0 3
143 12 2
143 51 4
143 59 3
143 68 2
143 78 5
143 79 2
143 80 4
143 87 3
143 90 4
143 97 4
143 98 4
143 99 3
143 100 2
143 101 3
143 102 3
143 122 2
143 131 1
143 137 3
143 146 3
143 148 3
143 149 2
143 160 3
143 285 3
144 0 3
144 7 5
144 18 4
144 58 1
144 61 2
144 77 4
144 80 2
144 82 1
144 84 2
144 89 4
144 90 5
144 91 1
144 98 3
144 108 5
144 109 3
144 115 2
144 119 4
144 131 2
144 133 3
144 135 1
144 141 2
144 142 1
144 145 2
144 147 5
145 0 5
145 9 2
145 21 1
145 33 2
145 36 2
145 38 1
145 61 3
145 74 2
145 77 2
145 93 4
145 97 1
145 98 2
145 99 4
145 100 3
145 102 4
145 103 5
145 110 2
145 119 4
145 123 3
145 151 4
145 172 2
145 212 3
145 253 2
145 275 4
146 2 3
146 6 1
146 10 3
146 19 3
146 20 2
146 21 1
146 22 2
146 32 2
146 33 1
146 34 2
146 42 1
146 46 3
146 47 1
146 61 1
146 68 1
146 89 1
146 90 4
146 99 1
146 102 1
146 111 2
146 112 2
146 117 3
146 224 1
146 275 1
147 0 2
147 4 2
147 19 3
147 32 1
147 35 2
147 36 2
147 46 2
147 48 2
147 49 2
147 58 1
147 63 2
147 75 3
147 76 2
147 90 2
147 91 1
147 99 2
147 118 4
147 120 3
147 126 2
147 130 1
147 134 1
147 137 1
147 141 3
147 142 2
148 0 5
148 20 2
148 21 4
148 27 1
148 42 5
148 44 3
148 56 2
148 58 4
148 67 4
148 76 3
148 80 5
148 89 2
148 96 3
148 98 5
148 99 4
148 100 2
148 108 4
148 115 3
148 129 4
148 135 2
148 139 3
148 140 2
148 173 1
148 175 1
149 0 3
149 4 2
149 9 4
149 19 3
149 36 3
149 48 2
149 49 3
149 61 1
149 68 3
149 75 2
149 91 1
149 97 1
149 99 3
149 101 2
149 102 2
149 133 3
149 137 2
149 142 2
149 149 4
149 219 2
149 220 1
149 231 1
149 236 1
149 252 3
150 21 3
150 24 4
150 33 4
150 76 3
150 79 2
150 84 3
150 89 3
150 90 5
150 97 2
150 98 3
150 99 4
150 102 2
150 104 2
150 111 4
150 116 3
150 119 3
150 121 4
150 126 3
150 128 1
150 133 3
150 136 5
150 143 3
150 147 5
150 189 1
151 0 4
151 60 4
151 79 3
151 80 4
151 82 3
151 83 3
151 84 4
151 94 4
151 95 4
151 98 3
151 99 2
151 102 2
151 103 5
151 104 4
151 105 2
151 107 4
151 112 4
151 114 3
151 131 3
151 135 3
151 137 3
151 149 3
151 198 4
151 219 3
152 16 2
152 22 1
152 26 1
152 31 1
152 58 1
152 69 2
152 74 1
152 78 2
152 80 3
152 82 1
152 96 1
152 98 5
152 100 1
152 102 1
152 105 1
152 110 1
152 114 1
152 116 1
152 121 3
152 127 2
152 140 1
152 141 3
152 146 3
152 275 1
153 4 2
153 16 4
153 17 1
153 47 1
153 54 3
153 72 3
153 91 2
153 105 2
153 107 4
153 118 4
153 128 3
153 152 1
153 167 2
153 188 1
153 203 3
153 210 1
153 222 1
153 228 1
153 235 2
153 248 1
153 269 1
153 274 1
153 279 1
153 284 1
154 0 3
154 21 4
154 25 3
154 42 3
154 90 4
154 97 3
154 114 3
154 134 5
154 143 3
154 146 3
154 154 3
154 158 3
154 179 2
154 193 4
154 210 4
154 214 4
154 221 3
154 224 3
154 246 4
154 248 3
154 267 3
154 280 3
154 282 4
154 291 3
155 0 2
155 78 1
155 87 2
155 88 1
155 94 1
155 96 3
155 97 2
155 98 1
155 100 3
155 102 3
155 103 3
155 107 2
155 108 1
155 109 1
155 112 3
155 136 2
155 137 3
155 141 2
155 145 2
155 147 4
155 149 2
155 159 1
155 233 3
155 292 1
156 0 4
156 3 3
156 9 3
156 22 2
156 25 3
156 36 4
156 38 3
156 48 3
156 64 3
156 69 3
156 92 4
156 96 3
156 97 3
156 98 4
156 99 3
156 100 2
156 101 3
156 102 4
156 109 2
156 119 3
156 140 2
156 153 3
156 208 3
156 221 3
157 6 4
157 12 2
157 40 2
157 95 2
157 100 3
157 102 3
157 108 3
157 120 4
157 122 2
157 128 3
157 141 5
157 163 4
157 169 4
157 170 3
157 176 3
157 196 4
157 197 4
157 200 3
157 238 2
157 249 3
157 258 5
157 266 4
157 273 5
157 281 4
158 0 4
158 27 3
158 38 2
158 86 1
158 97 1
158 98 2
158 99 3
158 100 2
158 103 4
158 104 3
158 105 4
158 107 4
158 108 2
158 109 3
158 110 1
158 115 1
158 125 1
158 129 3
158 139 1
158 144 2
158 162 3
158 217 1
158 260 2
158 299 2
159 23 2
159 32 1
159 33 2
159 49 4
159 58 2
159 61 2
159 68 3
159 71 2
159 75 3
159 84 2
159 96 2
159 98 4
159 99 3
159 101 3
159 102 3
159 120 3
159 133 3
159 136 3
159 141 3
159 142 3
159 149 3
159 176 2
159 217 2
159 283 3
160 0 2
160 2 4
160 4 3
160 29 1
160 31 1
160 32 1
160 34 1
160 77 1
160 82 1
160 86 1
160 91 1
160 101 3
160 104 1
160 108 1
160 111 1
160 112 1
160 114 2
160 116 1
160 119 1
160 122 1
160 124 1
160 125 1
160 137 1
160 138 2
161 0 3
161 7 3
161 27 1
161 30 2
161 37 3
161 40 2
161 59 2
161 86 2
161 90 4
161 96 1
161 97 2
161 98 2
161 99 2
161 100 1
161 102 3
161 118 3
161 126 3
161 134 2
161 143 4
161 144 3
161 146 2
161 168 4
161 182 2
161 205 2
162 0 3
162 19 4
162 25 1
162 27 1
162 28 1
162 42 1
162 56 1
162 58 3
162 67 3
162 70 1
162 86 1
162 96 1
162 97 1
162 98 1
162 99 2
162 100 3
162 102 2
162 121 1
162 124 1
162 125 2
162 137 4
162 139 1
162 182 1
162 202 1
163 23 4
163 25 1
163 27 3
163 35 4
163 44 1
163 90 4
163 93 1
163 95 3
163 96 1
163 107 5
163 113 1
163 119 5
163 123 1
163 131 3
163 142 4
163 155 3
163 157 3
163 210 5
163 236 2
163 246 4
163 286 2
163 293 5
163 294 2
163 298 3
164 4 2
164 59 3
164 66 2
164 69 2
164 74 3
164 77 2
164 80 4
164 99 1
164 103 5
164 108 2
164 110 1
164 112 2
164 144 2
164 184 3
164 206 3
164 213 4
164 215 3
164 234 4
164 238 3
164 240 3
164 248 4
164 281 2
164 292 3
164 293 2
165 7 3
165 9 3
165 36 4
165 37 2
165 49 3
165 70 2
165 90 4
165 109 4
165 131 3
165 134 2
165 138 4
165 140 3
165 143 3
165 146 2
165 148 2
165 154 3
165 175 2
165 186 3
165 187 2
165 220 2
165 239 2
165 246 2
165 251 2
165 263 2
166 0 2
166 22 4
166 32 2
166 33 4
166 49 3
166 87 3
166 88 4
166 97 4
166 98 3
166 100 4
166 109 4
166 114 4
166 118 4
166 119 2
166 120 4
166 140 2
166 141 5
166 142 4
166 149 5
166 187 1
166 217 1
166 224 1
166 253 1
166 289 1
167 35 1
167 40 1
167 46 5
167 57 3
167 61 1
167 68 4
167 90 2
167 91 5
167 92 4
167 98 2
167 100 1
167 101 2
167 118 4
167 120 3
167 126 1
167 130 1
167 133 3
167 137 2
167 141 4
167 142 4
167 149 2
167 152 1
167 237 1
167 288 1
168 0 5
168 1 1
168 3 2
168 7 2
168 37 2
168 71 1
168 90 5
168 97 2
168 98 3
168 117 2
168 120 5
168 121 2
168 123 1
168 134 2
168 141 1
168 142 4
168 143 3
168 146 5
168 148 2
168 149 1
168 171 3
168 200 4
168 256 1
168 294 1
169 16 2
169 17 1
169 19 2
169 20 1
169 25 1
169 28 2
169 33 1
169 49 2
169 74 1
169 80 2
169 81 2
169 86 1
169 89 1
169 104 2
169 105 1
169 113 2
169 118 3
169 119 1
169 134 1
169 141 4
169 144 3
169 171 1
169 200 1
169 279 1
170 0 3
170 1 1
170 2 4
170 5 2
170 8 1
170 17 1
170 19 2
170 26 1
170 30 1
170 46 1
170 55 1
170 62 5
170 81 1
170 85 4
170 87 4
170 96 1
170 112 1
170 114 4
170 115 1
170 119 1
170 131 1
170 138 1
170 139 1
170 283 1
171 0 5
171 77 2
171 80 4
171 81 4
171 84 4
171 85 4
171 88 3
171 89 2
171 91 4
171 93 4
171 95 4
171 97 3
171 99 5
171 101 3
171 102 4
171 105 4
171 106 3
171 109 3
171 122 3
171 129 5
171 142 4
171 164 4
171 219 2
171 251 4
172 0 3
172 49 2
172 72 3
172 80 3
172 87 1
172 88 2
172 98 3
172 99 2
172 100 1
172 101 2
172 102 2
172 106 2
172 117 3
172 120 2
172 121 3
172 128 1
172 131 1
172 133 3
172 138 5
172 141 2
172 142 2
172 164 1
172 224 1
172 292 1
173 0 5
173 13 4
173 15 1
173 22 1
173 29 5
173 43 4
173 52 3
173 57 2
173 73 5
173 74 4
173 77 2
173 99 5
173 100 3
173 101 4
173 102 4
173 103 5
173 110 3
173 123 3
173 130 4
173 146 4
173 147 5
173 159 1
173 183 1
173 201 1
174 0 4
174 4 1
174 9 2
174 19 2
174 32 2
174 35 2
174 36 3
174 48 3
174 57 2
174 90 3
174 96 2
174 97 1
174 98 2
174 99 2
174 101 2
174 102 3
174 118 3
174 120 4
174 130 3
174 133 4
174 134 1
174 141 2
174 154 1
174 169 2
175 4 3
175 10 1
175 16 1
175 20 2
175 21 1
175 27 1
175 30 1
175 32 1
175 76 1
175 81 1
175 97 4
175 98 5
175 99 2
175 100 1
175 102 2
175 103 3
175 120 2
175 121 4
175 124 1
175 125 2
175 132 1
175 137 3
175 149 2
175 275 1
176 0 3
176 58 1
176 90 1
176 91 3
176 92 2
176 97 1
176 98 2
176 99 3
176 100 1
176 102 1
176 118 1
176 120 3
176 126 1
176 130 1
176 133 5
176 134 3
176 137 5
176 141 2
176 142 2
176 143 2
176 149 1
176 178 1
176 239 1
176 275 1
177 0 5
177 4 3
177 9 5
177 10 4
177 32 1
177 35 1
177 36 2
177 39 1
177 48 3
177 49 1
177 61 2
177 63 2
177 75 1
177 91 1
177 96 2
177 99 2
177 101 4
177 113 2
177 137 3
177 142 5
177 149 3
177 166 3
177 210 2
177 232 2
178 0 4
178 27 1
178 42 4
178 44 2
178 67 3
178 81 3
178 83 4
178 86 2
178 96 2
178 97 2
178 98 4
178 100 3
178 101 3
178 102 3
178 115 3
178 125 5
178 129 3
178 144 3
178 160 1
178 189 1
178 207 1
178 208 1
178 261 1
178 273 1
179 9 3
179 27 4
179 49 5
179 58 3
179 73 4
179 80 4
179 86 4
179 96 4
179 97 2
179 98 3
179 99 2
179 100 3
179 102 5
179 115 4
179 117 1
179 120 4
179 125 4
179 129 3
179 131 2
179 133 4
179 138 4
179 139 3
179 148 4
179 290 3
180 72 3
180 78 3
180 80 4
180 81 3
180 89 4
180 90 4
180 91 3
180 93 3
180 96 5
180 101 4
180 103 4
180 104 5
180 105 5
180 106 3
180 107 4
180 108 4
180 110 3
180 112 3
180 113 3
180 129 4
180 142 3
180 202 2
180 278 4
180 281 2
181 2 4
181 8 2
181 12 4
181 20 1
181 27 2
181 56 4
181 58 5
181 67 3
181 80 3
181 86 2
181 89 2
181 94 3
181 97 2
181 99 3
181 100 2
181 101 4
181 106 4
181 129 3
181 138 5
181 142 3
181 144 2
181 148 2
181 217 2
181 275 2
182 0 3
182 3 1
182 34 3
182 36 4
182 38 4
182 48 3
182 64 1
182 82 1
182 83 2
182 96 1
182 97 1
182 98 4
182 99 5
182 100 1
182 101 3
182 102 1
182 109 1
182 111 1
182 119 3
182 130 1
182 153 2
182 157 1
182 160 3
182 236 2
183 1 3
183 4 3
183 13 4
183 19 4
183 25 3
183 44 4
183 52 2
183 60 4
183 63 5
183 69 3
183 79 3
183 83 3
183 90 2
183 92 3
183 105 3
183 118 1
183 122 2
183 123 2
183 126 3
183 137 4
183 141 2
183 143 2
183 149 2
183 182 1
184 0 4
184 3 2
184 14 2
184 38 2
184 55 2
184 66 3
184 70 2
184 72 3
184 93 1
184 98 3
184 101 2
184 107 4
184 109 3
184 116 2
184 119 4
184 122 3
184 124 2
184 127 4
184 137 3
184 144 3
184 147 2
184 149 3
184 237 2
184 254 3
185 8 1
185 11 1
185 13 1
185 27 1
185 43 1
185 75 1
185 96 1
185 97 1
185 99 4
185 101 3
185 102 3
185 104 2
185 108 1
185 120 5
185 128 1
185 131 1
185 137 3
185 142 3
185 146 2
185 149 1
185 208 1
185 210 1
185 241 1
185 275 1
186 0 4
186 25 2
186 37 2
186 40 4
186 47 1
186 54 2
186 59 2
186 66 3
186 90 4
186 96 2
186 98 3
186 99 3
186 101 3
186 102 3
186 122 2
186 126 2
186 133 3
186 134 3
186 143 2
186 146 2
186 163 2
186 224 2
186 241 3
186 283 3
187 0 4
187 44 2
187 49 3
187 59 2
187 71 1
187 86 2
187 90 2
187 96 2
187 97 2
187 99 2
187 100 2
187 101 3
187 102 2
187 104 1
187 105 2
187 106 1
187 110 1
187 118 3
187 126 3
187 134 2
187 136 2
187 146 2
187 261 2
187 295 3
188 0 3
188 20 1
188 27 1
188 58 1
188 74 1
188 77 1
188 78 4
188 80 4
188 90 3
188 97 3
188 98 3
188 99 1
188 102 1
188 110 1
188 115 1
188 117 1
188 125 1
188 126 1
188 129 1
188 131 1
188 138 3
188 139 1
188 146 1
188 292 1
189 9 3
189 25 2
189 34 3
189 36 4
189 37 2
189 49 4
189 59 2
189 74 2
189 80 3
189 86 4
189 88 4
189 90 3
189 96 5
189 99 4
189 101 4
189 121 4
189 122 3
189 123 2
189 126 2
189 132 4
189 137 4
189 139 2
189 143 2
189 202 1
190 78 4
190 79 4
190 81 2
190 84 3
190 85 4
190 86 4
190 88 5
190 95 3
190 96 2
190 97 2
190 100 5
190 101 5
190 102 5
190 103 4
190 105 4
190 108 3
190 123 3
190 129 5
190 139 2
190 142 5
190 144 5
190 147 5
190 189 1
190 287 2
191 0 3
191 8 3
191 16 3
191 26 4
191 47 1
191 53 4
191 63 2
191 84 4
191 96 4
191 97 3
191 98 4
191 99 5
191 100 3
191 101 3
191 102 4
191 104 5
191 105 4
191 116 3
191 147 5
191 157 5
191 165 5
191 236 3
191 263 3
191 299 5
192 10 1
192 20 1
192 24 1
192 30 1
192 32 2
192 35 1
192 36 2
192 46 4
192 49 1
192 50 1
192 58 5
192 70 1
192 75 1
192 76 1
192 92 3
192 101 1
192 102 2
192 110 1
192 119 1
192 126 1
192 134 2
192 142 3
192 162 1
192 174 1
193 3 3
193 7 3
193 13 2
193 15 3
193 55 3
193 58 1
193 59 4
193 90 4
193 96 3
193 110 1
193 115 3
193 119 4
193 123 3
193 125 3
193 126 5
193 129 4
193 134 3
193 139 2
193 140 2
193 143 4
193 144 3
193 146 4
193 171 1
193 262 3
194 0 4
194 1 1
194 20 1
194 77 1
194 80 5
194 82 1
194 84 2
194 86 1
194 88 1
194 99 1
194 100 1
194 101 3
194 104 3
194 105 2
194 110 1
194 120 4
194 121 4
194 123 1
194 129 2
194 131 2
194 139 2
194 144 2
194 147 4
194 148 3
195 0 4
195 42 2
195 77 3
195 79 3
195 80 4
195 84 4
195 85 3
195 86 1
195 87 4
195 88 2
195 94 1
195 95 2
195 96 2
195 97 3
195 98 3
195 99 3
195 100 1
195 101 3
195 103 3
195 107 5
195 108 2
195 127 4
195 150 1
195 283 1
196 3 4
196 5 1
196 15 1
196 21 1
196 35 1
196 39 1
196 40 2
196 51 3
196 56 2
196 58 1
196 64 2
196 80 3
196 82 1
196 85 2
196 87 2
196 90 2
196 91 1
196 103 1
196 113 2
196 125 2
196 135 1
196 138 2
196 145 1
196 149 2
197 3 4
197 19 3
197 21 4
197 66 3
197 70 2
197 77 3
197 80 3
197 95 4
197 96 3
197 97 2
197 101 4
197 102 4
197 106 1
197 108 2
197 110 5
197 111 1
197 113 3
197 117 5
197 124 1
197 131 2
197 137 3
197 138 3
197 166 1
197 171 1
198 0 3
198 1 2
198 8 4
198 58 1
198 62 3
198 74 2
198 77 1
198 86 2
198 97 3
198 98 3
198 99 3
198 100 2
198 103 2
198 104 4
198 106 2
198 107 4
198 109 3
198 123 4
198 125 2
198 129 2
198 139 3
198 144 3
198 271 3
198 274 2
199 2 4
199 5 3
199 8 4
199 23 3
199 24 3
199 25 3
199 30 2
199 33 3
199 45 3
199 62 4
199 79 4
199 80 3
199 87 5
199 91 3
199 95 4
199 97 3
199 104 3
199 117 3
199 120 3
199 131 2
199 137 3
199 141 3
199 146 3
199 148 4
200 9 4
200 21 3
200 32 3
200 35 2
200 40 3
200 49 4
200 61 3
200 68 2
200 83 3
200 90 5
200 91 3
200 94 3
200 97 3
200 98 4
200 99 3
200 100 2
200 101 3
200 102 3
200 120 4
200 122 4
200 132 4
200 143 3
200 146 5
200 276 3
201 2 3
201 6 1
201 7 1
201 10 3
201 14 1
201 21 1
201 25 1
201 30 1
201 31 1
201 35 1
201 36 1
201 73 1
201 77 1
201 80 2
201 85 2
201 88 2
201 91 1
201 96 1
201 99 3
201 108 2
201 121 5
201 134 2
201 135 1
201 140 1
202 8 4
202 20 4
202 21 4
202 25 4
202 26 4
202 75 4
202 76 4
202 79 3
202 84 4
202 88 3
202 96 4
202 97 4
202 99 4
202 102 4
202 120 4
202 124 3
202 127 4
202 132 3
202 134 5
202 135 3
202 137 4
202 146 5
202 182 4
202 291 4
203 65 1
203 81 1
203 82 1
203 83 1
203 84 1
203 86 1
203 90 3
203 91 1
203 98 4
203 99 3
203 100 1
203 102 4
203 114 1
203 129 3
203 137 3
203 138 5
203 142 3
203 143 4
203 145 4
203 146 1
203 147 3
203 148 2
203 149 2
203 196 1
204 1 1
204 9 4
204 10 4
204 24 4
204 26 3
204 30 1
204 47 1
204 48 3
204 50 3
204 59 4
204 66 3
204 70 2
204 84 2
204 88 1
204 90 5
204 100 1
204 101 3
204 110 1
204 118 4
204 130 1
204 133 3
204 141 3
204 142 3
204 147 2
205 0 5
205 3 3
205 4 1
205 5 1
205 11 2
205 29 1
205 38 5
205 104 2
205 118 4
205 121 4
205 130 2
205 170 1
205 181 1
205 198 1
205 211 1
205 230 1
205 231 1
205 240 1
205 250 1
205 252 1
205 258 1
205 262 1
205 267 1
205 290 1
206 10 3
206 32 2
206 43 1
206 45 2
206 58 1
206 62 4
206 68 3
206 73 3
206 77 1
206 79 3
206 86 1
206 96 3
206 97 3
206 99 3
206 100 2
206 102 3
206 106 1
206 114 3
206 115 2
206 123 1
206 129 2
206 131 2
206 138 4
206 144 3
207 6 3
207 16 3
207 20 4
207 24 3
207 33 3
207 42 4
207 44 3
207 45 4
207 57 3
207 61 2
207 68 4
207 72 3
207 97 3
207 105 3
207 117 3
207 127 3
207 135 4
207 137 3
207 141 5
207 143 3
207 144 4
207 146 3
207 147 4
207 243 4
208 1 1
208 5 1
208 9 4
208 10 2
208 37 2
208 38 1
208 54 4
208 57 1
208 60 2
208 61 1
208 74 2
208 97 1
208 99 3
208 100 2
208 101 1
208 114 4
208 118 1
208 120 3
208 126 4
208 129 3
208 134 3
208 142 3
208 149 3
208 237 2
209 11 3
209 20 3
209 26 4
209 28 3
209 29 3
209 30 3
209 82 4
209 83 3
209 85 3
209 86 3
209 88 4
209 96 4
209 98 4
209 99 4
209 101 4
209 102 5
209 103 4
209 104 4
209 105 4
209 107 4
209 110 3
209 128 3
209 137 4
209 141 4
210 8 1
210 49 2
210 62 4
210 71 3
210 81 1
210 82 3
210 84 2
210 89 2
210 94 2
210 95 3
210 99 4
210 100 4
210 101 2
210 102 3
210 104 4
210 106 4
210 108 2
210 111 2
210 113 4
210 114 5
210 116 4
210 120 3
210 121 4
210 129 3
211 0 4
211 3 3
211 18 3
211 25 1
211 27 1
211 71 3
211 78 3
211 86 1
211 97 1
211 98 3
211 99 2
211 100 1
211 101 5
211 102 3
211 115 1
211 125 4
211 129 2
211 137 3
211 139 1
211 144 5
211 178 3
211 187 1
211 210 1
211 251 1
212 0 4
212 4 2
212 16 4
212 18 4
212 24 4
212 33 3
212 34 3
212 71 3
212 83 3
212 88 3
212 94 2
212 95 2
212 99 2
212 102 3
212 103 2
212 107 4
212 118 3
212 123 3
212 133 4
212 136 5
212 138 4
212 141 4
212 149 2
212 162 4
213 1 3
213 2 3
213 8 3
213 11 5
213 15 5
213 27 2
213 37 3
213 71 4
213 74 3
213 77 1
213 79 5
213 92 4
213 99 2
213 103 4
213 123 3
213 140 3
213 148 3
213 157 3
213 178 4
213 237 2
213 244 2
213 248 3
213 254 5
213 271 4
214 5 3
214 7 5
214 12 5
214 17 2
214 29 1
214 42 2
214 45 1
214 56 2
214 65 1
214 72 5
214 77 1
214 78 3
214 84 3
214 97 3
214 99 2
214 100 5
214 103 4
214 108 5
214 109 4
214 115 2
214 122 3
214 132 5
214 133 4
214 147 5
215 31 1
215 35 5
215 67 5
215 74 2
215 76 4
215 79 4
215 80 1
215 84 4
215 95 2
215 96 1
215 100 3
215 106 2
215 110 4
215 112 2
215 122 1
215 124 1
215 129 2
215 131 1
215 133 3
215 137 1
215 141 4
215 142 3
215 146 1
215 148 1
216 1 3
216 3 5
216 4 3
216 5 3
216 6 3
216 7 3
216 8 2
216 27 1
216 42 2
216 44 4
216 76 1
216 79 3
216 96 1
216 101 3
216 113 3
216 120 3
216 121 5
216 125 3
216 128 4
216 130 4
216 136 2
216 137 2
216 140 1
216 144 1
217 3 1
217 6 1
217 24 2
217 25 1
217 34 4
217 39 1
217 41 1
217 42 1
217 48 1
217 51 5
217 59 1
217 82 2
217 92 1
217 99 1
217 102 1
217 106 1
217 108 1
217 112 1
217 114 5
217 125 3
217 129 2
217 136 1
217 138 5
217 171 1
218 14 3
218 72 4
218 77 3
218 78 4
218 79 1
218 81 2
218 82 2
218 84 3
218 86 3
218 89 4
218 94 3
218 95 4
218 96 3
218 98 5
218 106 3
218 109 3
218 114 5
218 116 5
218 117 3
218 138 5
218 142 4
218 148 4
218 247 5
218 292 4
219 4 4
219 9 3
219 10 4
219 14 1
219 25 1
219 35 2
219 71 2
219 75 5
219 79 4
219 82 1
219 83 1
219 86 2
219 93 1
219 96 2
219 97 1
219 100 1
219 104 2
219 105 2
219 107 3
219 113 2
219 118 5
219 132 1
219 134 3
219 142 5
220 16 3
220 20 1
220 21 1
220 49 3
220 66 1
220 68 3
220 71 1
220 87 5
220 89 1
220 92 2
220 97 1
220 100 1
220 105 1
220 108 1
220 122 1
220 136 3
220 142 1
220 147 2
220 149 2
220 184 1
220 219 1
220 224 1
220 246 1
220 267 1
221 4 2
221 5 3
221 38 3
221 52 1
221 59 2
221 68 2
221 71 3
221 80 3
221 83 3
221 88 3
221 91 3
221 93 4
221 105 3
221 110 2
221 112 3
221 120 5
221 121 3
221 122 2
221 136 2
221 165 1
221 199 1
221 236 1
221 256 1
221 284 1
222 0 5
222 74 5
222 77 5
222 79 4
222 83 4
222 84 4
222 86 4
222 88 4
222 94 4
222 97 4
222 98 4
222 100 3
222 101 4
222 102 4
222 103 4
222 105 4
222 108 5
222 111 4
222 125 5
222 130 4
222 136 5
222 141 4
222 147 4
222 253 5
223 27 2
223 39 1
223 41 2
223 71 3
223 74 4
223 75 2
223 77 1
223 80 5
223 86 1
223 90 4
223 106 4
223 107 4
223 109 1
223 110 2
223 111 4
223 115 4
223 125 2
223 126 3
223 139 3
223 143 3
223 220 3
223 228 3
223 233 2
223 272 3
224 0 5
224 21 4
224 27 2
224 60 4
224 61 3
224 66 3
224 70 3
224 71 4
224 88 3
224 94 3
224 97 4
224 98 5
224 100 3
224 101 2
224 102 4
224 122 4
224 124 1
224 125 2
224 132 4
224 136 4
224 137 4
224 139 3
224 142 3
224 144 4
225 0 5
225 41 1
225 54 5
225 65 1
225 86 1
225 87 5
225 90 3
225 91 1
225 96 2
225 97 1
225 107 3
225 137 1
225 141 5
225 142 5
225 147 1
225 162 1
225 177 1
225 184 4
225 213 1
225 236 1
225 238 1
225 245 1
225 247 1
225 262 1
226 53 2
226 60 2
226 71 4
226 82 2
226 93 3
226 103 2
226 104 3
226 105 3
226 107 4
226 109 2
226 132 5
226 145 2
226 154 4
226 172 2
226 181 4
226 188 4
226 208 3
226 214 2
226 246 3
226 257 2
226 261 2
226 267 3
226 288 2
226 298 2
227 0 4
227 79 2
227 81 1
227 82 2
227 84 4
227 85 5
227 86 4
227 87 5
227 88 4
227 96 4
227 97 1
227 104 3
227 106 3
227 107 5
227 111 3
227 114 5
227 125 4
227 126 3
227 129 4
227 142 5
227 143 4
227 145 4
227 176 1
227 185 4
228 0 5
228 8 2
228 27 1
228 71 3
228 77 1
228 78 3
228 80 4
228 86 1
228 88 2
228 97 2
228 100 1
228 103 4
228 107 3
228 110 1
228 117 3
228 125 2
228 129 3
228 131 1
228 133 3
228 138 4
228 139 1
228 144 2
228 148 3
228 253 1
229 0 4
229 7 3
229 49 4
229 61 1
229 71 3
229 87 4
229 88 1
229 96 1
229 97 2
229 98 1
229 99 3
229 100 2
229 101 3
229 106 1
229 114 3
229 120 4
229 121 3
229 136 3
229 142 4
229 143 3
229 149 1
229 156 1
229 203 1
229 206 1
230 0 4
230 9 4
230 49 3
230 71 2
230 78 2
230 79 3
230 80 4
230 84 1
230 88 2
230 96 1
230 98 2
230 99 3
230 100 1
230 101 4
230 104 2
230 107 2
230 111 2
230 113 1
230 120 4
230 136 4
230 138 4
230 206 1
230 268 1
230 286 1
231 22 5
231 28 2
231 36 3
231 92 2
231 93 1
231 94 1
231 95 1
231 97 1
231 98 1
231 101 4
231 113 3
231 115 3
231 119 1
231 129 1
231 130 2
231 131 3
231 138 4
231 139 2
231 140 2
231 141 4
231 149 5
231 181 1
231 273 1
231 275 3
232 4 2
232 8 3
232 18 2
232 27 2
232 30 2
232 49 2
232 74 2
232 76 2
232 81 2
232 83 4
232 87 2
232 88 5
232 89 1
232 90 2
232 95 2
232 96 1
232 98 2
232 100 3
232 102 2
232 108 3
232 109 3
232 115 2
232 127 2
232 141 2
233 4 3
233 24 2
233 25 1
233 42 2
233 46 1
233 53 2
233 59 1
233 68 3
233 70 1
233 79 5
233 85 1
233 90 3
233 106 2
233 118 3
233 133 3
233 139 1
233 181 1
233 186 2
233 206 1
233 214 4
233 226 1
233 286 1
233 289 2
233 294 1
234 21 2
234 77 2
234 85 3
234 86 2
234 92 3
234 99 4
234 102 3
234 105 2
234 107 3
234 108 2
234 110 2
234 113 4
234 118 2
234 119 3
234 120 3
234 125 1
234 126 3
234 129 3
234 134 4
234 139 2
234 145 2
234 146 2
234 259 2
234 265 3
235 5 1
235 51 3
235 71 2
235 80 3
235 85 2
235 87 4
235 88 2
235 91 2
235 96 2
235 97 1
235 102 4
235 106 1
235 107 3
235 112 3
235 114 4
235 117 2
235 121 4
235 133 5
235 141 2
235 144 3
235 147 3
235 148 4
235 279 1
235 288 1
236 0 5
236 69 3
236 78 4
236 80 5
236 83 5
236 94 4
236 95 5
236 96 5
236 97 5
236 98 5
236 99 5
236 100 5
236 111 5
236 113 5
236 182 4
236 189 5
236 215 5
236 246 3
236 247 3
236 248 4
236 249 4
236 250 3
236 251 4
236 253 4
237 0 4
237 8 4
237 21 4
237 25 1
237 26 3
237 31 3
237 66 5
237 84 5
237 96 2
237 98 3
237 99 4
237 100 2
237 101 2
237 102 1
237 104 5
237 105 3
237 116 4
237 122 4
237 132 1
237 143 3
237 145 3
237 147 4
237 192 5
237 276 3
238 15 3
238 17 2
238 30 2
238 38 3
238 56 2
238 58 2
238 59 4
238 71 4
238 102 4
238 112 4
238 124 2
238 156 2
238 158 2
238 159 3
238 160 3
238 165 1
238 181 2
238 188 3
238 218 3
238 235 3
238 254 2
238 258 2
238 264 3
238 266 2
239 23 3
239 29 2
239 36 3
239 79 2
239 85 3
239 89 3
239 90 5
239 110 3
239 113 3
239 116 3
239 117 2
239 118 4
239 120 4
239 121 3
239 122 3
239 124 3
239 131 4
239 133 3
239 134 3
239 136 3
239 142 3
239 145 3
239 149 4
239 272 1
240 0 4
240 1 4
240 26 3
240 30 1
240 38 4
240 47 3
240 50 4
240 55 3
240 59 5
240 70 3
240 76 4
240 84 4
240 85 4
240 88 3
240 96 3
240 97 4
240 99 4
240 101 3
240 102 4
240 110 4
240 119 4
240 126 4
240 139 4
240 172 1
241 0 4
241 11 2
241 13 3
241 21 3
241 25 1
241 31 2
241 43 3
241 52 1
241 55 2
241 61 2
241 68 1
241 73 4
241 77 1
241 96 4
241 97 4
241 99 3
241 101 3
241 103 3
241 105 3
241 122 2
241 123 3
241 124 1
241 137 3
241 208 1
242 0 3
242 6 1
242 12 1
242 17 2
242 20 2
242 24 1
242 29 1
242 34 2
242 49 1
242 54 2
242 76 4
242 80 3
242 89 3
242 92 2
242 98 2
242 102 4
242 105 3
242 112 4
242 116 3
242 127 3
242 133 3
242 135 4
242 138 3
242 148 2
243 0 4
243 7 3
243 37 2
243 78 3
243 90 5
243 96 2
243 97 2
243 98 2
243 102 4
243 120 5
243 121 4
243 126 2
243 131 1
243 133 3
243 134 3
243 136 5
243 138 2
243 143 1
243 146 2
243 156 1
243 168 1
243 171 1
243 223 1
243 248 1
244 0 3
244 49 2
244 63 2
244 90 2
244 91 1
244 92 2
244 96 2
244 99 2
244 101 1
244 102 3
244 120 3
244 126 3
244 130 1
244 133 3
244 134 1
244 137 1
244 141 2
244 142 2
244 149 5
244 162 1
244 184 2
244 215 1
244 249 1
244 266 1
245 0 4
245 81 3
245 83 4
245 85 4
245 87 5
245 88 4
245 94 4
245 95 4
245 96 4
245 97 4
245 98 4
245 99 4
245 101 4
245 103 4
245 104 4
245 105 4
245 108 4
245 109 4
245 110 3
245 111 3
245 115 4
245 146 4
245 185 1
245 288 4
246 4 3
246 9 5
246 24 4
246 26 3
246 30 2
246 47 2
246 49 3
246 50 1
246 52 1
246 59 3
246 68 1
246 70 3
246 76 1
246 78 3
246 92 3
246 102 3
246 110 2
246 117 3
246 119 2
246 120 4
246 133 4
246 134 3
246 139 2
246 148 1
247 0 5
247 1 3
247 21 4
247 29 3
247 49 4
247 66 3
247 74 4
247 76 4
247 77 3
247 88 2
247 92 4
247 97 4
247 98 3
247 99 3
247 100 4
247 108 4
247 110 3
247 121 3
247 122 3
247 124 3
247 136 4
247 137 4
247 263 3
247 283 3
248 2 3
248 4 2
248 8 3
248 13 1
248 20 2
248 25 1
248 28 1
248 61 1
248 62 5
248 69 1
248 77 1
248 79 3
248 81 1
248 94 1
248 102 1
248 103 1
248 109 2
248 125 3
248 129 2
248 130 1
248 132 1
248 146 2
248 149 1
248 165 1
249 0 2
249 1 2
249 11 4
249 13 3
249 27 1
249 34 2
249 35 4
249 43 5
249 55 4
249 58 4
249 73 3
249 74 2
249 77 1
249 98 2
249 99 3
249 100 2
249 103 4
249 110 2
249 128 3
249 129 2
249 139 3
249 144 3
249 214 4
249 232 2
250 79 4
250 80 3
250 87 4
250 95 1
250 96 1
250 101 2
250 102 2
250 107 2
250 111 1
250 118 3
250 119 1
250 121 3
250 122 2
250 124 1
250 125 1
250 131 1
250 132 1
250 136 4
250 139 1
250 142 1
250 144 1
250 148 3
250 149 2
250 180 1
251 11 2
251 12 5
251 13 2
251 31 2
251 40 5
251 43 4
251 49 3
251 52 3
251 54 5
251 58 3
251 59 2
251 61 2
251 77 1
251 78 4
251 92 3
251 110 2
251 121 4
251 123 4
251 135 3
251 138 5
251 146 4
251 148 3
251 209 1
251 245 2
252 0 2
252 78 2
252 79 5
252 81 1
252 87 2
252 88 1
252 91 1
252 94 1
252 95 1
252 97 1
252 100 1
252 108 2
252 110 1
252 113 2
252 114 2
252 120 3
252 123 1
252 126 2
252 135 2
252 136 3
252 138 1
252 147 2
252 158 1
252 215 1
253 14 5
253 21 3
253 25 1
253 46 3
253 50 2
253 53 1
253 72 4
253 84 3
253 96 5
253 98 1
253 100 1
253 101 1
253 102 1
253 105 2
253 116 1
253 132 2
253 137 1
253 147 3
253 152 1
253 184 1
253 191 1
253 231 1
253 238 1
253 290 3
254 6 3
254 12 2
254 24 3
254 34 2
254 38 2
254 51 3
254 54 4
254 80 5
254 86 1
254 96 1
254 97 2
254 98 4
254 99 2
254 100 1
254 101 3
254 102 2
254 103 2
254 131 1
254 133 2
254 138 4
254 148 2
254 244 1
254 252 3
254 272 1
255 16 3
255 22 3
255 24 3
255 26 2
255 27 1
255 30 1
255 33 3
255 34 5
255 36 3
255 51 4
255 79 3
255 98 3
255 108 2
255 112 4
255 114 4
255 120 4
255 121 2
255 123 3
255 125 4
255 135 1
255 139 2
255 140 2
255 142 2
255 144 3
256 0 4
256 17 4
256 27 2
256 36 3
256 42 3
256 49 4
256 56 2
256 58 3
256 67 3
256 71 5
256 86 3
256 96 3
256 97 3
256 98 4
256 101 3
256 102 4
256 120 4
256 125 3
256 129 3
256 136 3
256 139 4
256 144 3
256 174 1
256 244 1
257 0 4
257 7 2
257 8 2
257 12 3
257 19 3
257 25 1
257 27 1
257 42 1
257 43 1
257 44 2
257 45 3
257 59 2
257 68 5
257 80 5
257 82 3
257 86 2
257 87 5
257 93 1
257 103 2
257 108 2
257 117 4
257 118 2
257 138 4
257 143 4
258 2 4
258 6 3
258 8 3
258 13 2
258 24 2
258 29 2
258 47 2
258 62 5
258 64 3
258 78 2
258 122 3
258 124 2
258 151 1
258 175 1
258 188 1
258 189 1
258 192 1
258 201 1
258 215 1
258 230 1
258 235 1
258 247 1
258 266 1
258 269 1
259 4 1
259 9 1
259 10 2
259 35 1
259 39 1
259 49 3
259 57 1
259 61 1
259 90 2
259 92 2
259 96 2
259 97 1
259 98 1
259 100 2
259 120 2
259 130 1
259 133 3
259 137 3
259 141 2
259 142 4
259 234 1
259 242 1
259 245 1
259 298 1
260 0 5
260 3 2
260 4 2
260 8 1
260 9 1
260 10 1
260 27 1
260 32 1
260 38 1
260 46 1
260 57 1
260 62 4
260 71 1
260 74 2
260 75 1
260 92 1
260 117 1
260 118 1
260 119 1
260 120 4
260 121 3
260 126 1
260 134 1
260 148 2
261 0 3
261 4 2
261 9 1
261 32 3
261 40 3
261 48 4
261 49 4
261 57 3
261 71 3
261 75 1
261 90 5
261 92 4
261 96 2
261 99 4
261 101 2
261 119 2
261 120 5
261 130 2
261 134 4
261 137 3
261 142 3
261 143 2
261 149 1
261 290 4
262 77 2
262 78 4
262 79 3
262 87 4
262 90 4
262 91 3
262 97 3
262 98 4
262 99 3
262 102 4
262 104 3
262 105 2
262 115 2
262 117 5
262 118 4
262 119 3
262 131 4
262 133 3
262 134 3
262 137 3
262 138 4
262 142 4
262 144 3
262 147 3
263 43 3
263 47 2
263 55 2
263 67 3
263 68 5
263 81 2
263 92 3
263 104 2
263 135 2
263 136 5
263 140 1
263 141 5
263 146 3
263 156 2
263 171 3
263 195 4
263 196 4
263 229 4
263 232 3
263 250 5
263 277 3
263 279 4
263 285 3
263 291 2
264 0 5
264 21 2
264 38 3
264 40 4
264 56 3
264 61 1
264 71 5
264 72 4
264 81 3
264 86 3
264 97 5
264 98 4
264 100 2
264 103 5
264 115 4
264 116 3
264 119 3
264 120 5
264 123 4
264 125 4
264 136 4
264 139 2
264 140 2
264 144 4
265 0 3
265 4 1
265 19 2
265 36 4
265 48 3
265 49 5
265 63 3
265 75 2
265 78 3
265 80 2
265 90 3
265 91 2
265 92 2
265 96 2
265 99 4
265 100 3
265 101 3
265 103 4
265 107 3
265 109 4
265 120 2
265 133 3
265 143 2
265 239 3
266 0 4
266 23 1
266 27 1
266 49 3
266 58 2
266 78 5
266 86 3
266 88 4
266 96 4
266 98 3
266 99 3
266 100 2
266 101 4
266 112 4
266 115 2
266 117 5
266 120 4
266 121 4
266 125 3
266 138 2
266 144 4
266 148 3
266 158 3
266 294 4
267 0 3
267 1 3
267 25 3
267 74 4
267 96 2
267 97 4
267 99 2
267 100 4
267 101 3
267 102 4
267 103 4
267 110 2
267 115 3
267 122 4
267 123 3
267 125 3
267 129 3
267 139 1
267 144 5
267 163 3
267 194 3
267 241 3
267 266 5
267 271 3
268 2 3
268 3 5
268 12 3
268 15 1
268 29 2
268 45 3
268 46 5
268 49 4
268 50 3
268 71 5
268 78 2
268 85 3
268 103 2
268 104 5
268 105 2
268 115 1
268 118 4
268 120 5
268 123 3
268 138 5
268 139 2
268 142 5
268 145 5
268 260 4
269 0 5
269 13 2
269 25 1
269 55 2
269 58 1
269 63 2
269 70 1
269 71 2
269 73 1
269 74 3
269 85 1
269 87 1
269 95 1
269 102 4
269 103 5
269 107 4
269 123 2
269 130 1
269 132 2
269 136 3
269 138 2
269 142 3
269 144 3
269 189 1
270 0 4
270 77 1
270 78 5
270 82 1
270 83 1
270 86 2
270 87 1
270 89 1
270 95 2
270 96 3
270 99 3
270 101 1
270 103 4
270 104 1
270 106 1
270 110 1
270 129 2
270 136 5
270 137 3
270 141 2
270 149 1
270 254 1
270 292 1
270 297 3
271 0 3
271 19 4
271 23 3
271 27 2
271 44 2
271 56 1
271 58 4
271 64 3
271 67 4
271 71 3
271 80 3
271 85 3
271 86 3
271 93 3
271 97 2
271 100 2
271 101 4
271 102 3
271 125 4
271 129 4
271 131 2
271 144 3
271 145 4
271 237 1
272 14 2
272 65 2
272 82 2
272 90 4
272 104 3
272 105 4
272 113 3
272 117 3
272 122 3
272 130 2
272 133 4
272 135 2
272 146 4
272 206 4
272 212 4
272 214 4
272 219 4
272 229 3
272 243 4
272 247 3
272 257 3
272 258 2
272 264 4
272 296 1
273 4 2
273 9 1
273 19 4
273 32 1
273 35 1
273 36 5
273 46 1
273 49 4
273 58 1
273 61 1
273 68 1
273 75 1
273 99 4
273 102 4
273 119 4
273 120 3
273 125 4
273 133 1
273 134 5
273 137 1
273 143 3
273 287 1
273 290 5
273 291 1
274 0 4
274 6 4
274 34 4
274 36 3
274 42 2
274 51 3
274 64 2
274 69 2
274 71 3
274 80 5
274 81 1
274 83 4
274 97 3
274 98 4
274 99 4
274 100 3
274 102 2
274 119 3
274 121 3
274 131 1
274 133 4
274 138 3
274 140 2
274 173 4
275 0 5
275 1 1
275 5 3
275 16 3
275 24 4
275 26 3
275 29 1
275 30 1
275 31 2
275 76 3
275 88 3
275 92 4
275 103 3
275 114 5
275 115 2
275 118 3
275 122 3
275 129 4
275 134 4
275 136 4
275 138 4
275 144 3
275 146 4
275 279 1
276 0 5
276 1 2
276 77 1
276 78 3
276 80 4
276 87 4
276 90 4
276 91 2
276 94 2
276 100 4
276 103 3
276 104 2
276 108 3
276 109 2
276 110 1
276 111 3
276 113 1
276 118 2
276 123 2
276 127 3
276 134 4
276 149 1
276 156 1
276 171 1
277 2 5
277 6 5
277 7 5
277 22 3
277 24 5
277 52 5
277 62 5
277 80 5
277 82 3
277 93 5
277 166 5
277 172 3
277 186 4
277 188 4
277 196 4
277 205 4
277 208 4
277 235 3
277 248 4
277 255 5
277 265 5
277 266 5
277 293 5
277 296 5
278 4 3
278 9 3
278 19 2
278 32 1
278 35 2
278 40 3
278 49 4
278 63 2
278 82 2
278 92 2
278 94 1
278 95 2
278 100 2
278 110 1
278 111 1
278 112 1
278 113 1
278 115 2
278 129 3
278 133 3
278 136 3
278 140 1
278 142 2
278 147 3
279 9 2
279 10 4
279 19 3
279 32 1
279 36 3
279 39 1
279 40 2
279 58 1
279 61 1
279 63 3
279 68 2
279 90 3
279 97 1
279 98 2
279 99 3
279 100 1
279 118 3
279 120 3
279 126 1
279 133 3
279 134 2
279 143 2
279 149 1
279 234 1
280 4 2
280 10 1
280 14 1
280 36 1
280 44 1
280 46 1
280 48 1
280 63 1
280 75 1
280 79 4
280 97 1
280 98 1
280 99 1
280 101 2
280 102 1
280 105 1
280 107 1
280 109 2
280 132 1
280 137 1
280 143 1
280 145 1
280 191 1
280 280 1
281 0 2
281 22 1
281 32 5
281 77 1
281 79 1
281 80 3
281 82 2
281 84 5
281 93 5
281 95 2
281 96 4
281 97 1
281 111 2
281 118 1
281 122 1
281 124 1
281 126 1
281 130 1
281 131 1
281 138 1
281 144 5
281 146 2
281 147 5
281 148 3
282 4 3
282 9 3
282 10 3
282 36 3
282 39 3
282 57 3
282 63 3
282 75 5
282 90 4
282 91 2
282 97 3
282 98 3
282 99 3
282 100 3
282 101 2
282 112 2
282 118 5
282 120 2
282 130 2
282 137 3
282 141 4
282 142 2
282 163 3
282 213 3
283 1 2
283 10 5
283 14 2
283 24 5
283 30 1
283 32 2
283 35 2
283 38 3
283 39 2
283 46 2
283 48 3
283 57 3
283 58 2
283 88 3
283 90 4
283 96 4
283 99 4
283 126 4
283 133 4
283 134 4
283 139 3
283 147 4
283 149 3
283 176 1
284 10 2
284 20 3
284 37 5
284 48 5
284 58 3
284 68 3
284 69 2
284 72 1
284 116 4
284 118 2
284 123 4
284 130 3
284 140 1
284 144 4
284 150 4
284 162 2
284 180 2
284 185 2
284 191 4
284 226 2
284 236 3
284 247 1
284 278 2
284 282 1
285 5 2
285 7 4
285 25 1
285 71 1
285 77 3
285 81 3
285 82 3
285 88 4
285 95 5
285 96 4
285 102 4
285 103 4
285 110 2
285 121 5
285 122 4
285 124 1
285 126 4
285 132 2
285 134 2
285 136 5
285 137 5
285 143 2
285 146 3
285 235 2
286 0 5
286 4 3
286 15 5
286 81 4
286 94 3
286 96 5
286 97 5
286 98 5
286 99 5
286 101 5
286 102 5
286 108 4
286 143 3
286 144 4
286 145 5
286 147 5
286 148 5
286 167 4
286 183 5
286 199 4
286 200 5
286 225 5
286 244 4
286 258 1
287 0 4
287 27 1
287 49 3
287 58 1
287 67 1
287 71 3
287 78 3
287 86 2
287 91 1
287 92 3
287 97 1
287 100 1
287 101 3
287 102 2
287 103 1
287 107 3
287 112 1
287 114 4
287 120 4
287 138 5
287 139 1
287 144 1
287 145 1
287 253 1
288 0 4
288 10 3
288 32 1
288 35 1
288 36 4
288 40 2
288 61 1
288 74 3
288 75 3
288 91 1
288 97 2
288 99 3
288 100 1
288 102 3
288 118 4
288 120 4
288 126 4
288 133 3
288 134 2
288 137 4
288 141 3
288 142 3
288 232 1
288 279 1
289 21 2
289 25 1
289 27 2
289 36 3
289 38 3
289 44 1
289 48 3
289 50 3
289 58 1
289 64 2
289 67 2
289 78 3
289 80 4
289 96 3
289 98 5
289 115 1
289 119 3
289 124 1
289 125 2
289 137 3
289 139 1
289 144 2
289 282 1
289 294 1
